formatted_date,open,high,low,close,adjclose,volume
2020-01-15,88.79000091552734,91.63999938964844,88.68000030517578,91.37000274658203,91.37000274658203,1434900
2020-01-14,86.5999984741211,88.9800033569336,86.0199966430664,88.83000183105469,88.83000183105469,1921800
2020-01-13,86.97000122070312,87.25,85.5,86.1500015258789,86.1500015258789,1026200
2020-01-10,87.04000091552734,87.38999938964844,86.5999984741211,87.04000091552734,87.04000091552734,965100
2020-01-09,85.62000274658203,86.7300033569336,84.81999969482422,86.66000366210938,86.66000366210938,795400
2020-01-08,84.55999755859375,85.81999969482422,84.52999877929688,85.44999694824219,85.44999694824219,1182000
2020-01-07,84.76000213623047,85.25,84.19000244140625,84.62999725341797,84.62999725341797,845300
2020-01-06,83.68000030517578,85.30999755859375,83.01000213623047,85.23999786376953,85.23999786376953,765000
2020-01-03,83.80999755859375,85.06999969482422,83.2699966430664,84.01000213623047,84.01000213623047,801500
2020-01-02,85.63999938964844,85.80000305175781,84.33999633789062,85.08000183105469,85.08000183105469,817600
2019-12-31,83.37999725341797,85.02999877929688,83.22000122070312,85.0199966430664,85.0199966430664,1002000
2019-12-30,84.94999694824219,85.2300033569336,83.58000183105469,83.63999938964844,83.63999938964844,592400
2019-12-27,85.12999725341797,85.48999786376953,84.83000183105469,84.91000366210938,84.91000366210938,388400
2019-12-26,85.54000091552734,85.66999816894531,84.94000244140625,85.05000305175781,85.05000305175781,487200
2019-12-24,86.04000091552734,86.30000305175781,85.27999877929688,85.41999816894531,85.41999816894531,283400
2019-12-23,86.0199966430664,86.11000061035156,84.9800033569336,85.5999984741211,85.5999984741211,865400
2019-12-20,84.5199966430664,85.76000213623047,83.80000305175781,85.66999816894531,85.66999816894531,1666800
2019-12-19,83.58000183105469,84.20999908447266,83.11000061035156,83.80000305175781,83.80000305175781,1444200
2019-12-18,82.66999816894531,84.8499984741211,82.56999969482422,83.55000305175781,83.55000305175781,1527600
2019-12-17,85.95999908447266,86.08999633789062,82.9800033569336,83.1500015258789,83.1500015258789,1947200
2019-12-16,85.43000030517578,86.66000366210938,85.04000091552734,85.95999908447266,85.95999908447266,970800
2019-12-13,86.80999755859375,87.61000061035156,84.76000213623047,84.8499984741211,84.8499984741211,977000
2019-12-12,87.0999984741211,87.80999755859375,86.12999725341797,86.79000091552734,86.79000091552734,507500
2019-12-11,86.43000030517578,87.04000091552734,85.93000030517578,86.66000366210938,86.66000366210938,984400
2019-12-10,86.37000274658203,87.05000305175781,84.9000015258789,86.76000213623047,86.76000213623047,1767800
2019-12-09,88.23999786376953,88.23999786376953,86.27999877929688,86.38999938964844,86.38999938964844,1076200
2019-12-06,88.25,89.20999908447266,87.88999938964844,88.23999786376953,88.23999786376953,723000
2019-12-05,88.08999633789062,88.88999938964844,87.2300033569336,87.81999969482422,87.81999969482422,997200
2019-12-04,87.63999938964844,88.97000122070312,87.55999755859375,88.36000061035156,88.36000061035156,743000
2019-12-03,87.19000244140625,87.55999755859375,86.54000091552734,87.43000030517578,87.43000030517578,902100
2019-12-02,87.87000274658203,88.5999984741211,86.94000244140625,87.83000183105469,87.83000183105469,1109600
2019-11-29,87.95999908447266,88.75,87.77999877929688,87.91000366210938,87.91000366210938,355800
2019-11-27,87.5,88.55000305175781,86.87999725341797,88.51000213623047,88.51000213623047,629700
2019-11-26,90.72000122070312,90.72000122070312,86.79000091552734,87.8499984741211,87.8499984741211,1885200
2019-11-25,90.5199966430664,90.80999755859375,89.87000274658203,90.63999938964844,90.63999938964844,890000
2019-11-22,89.0999984741211,90.5199966430664,88.66999816894531,90.26000213623047,90.26000213623047,1194300
2019-11-21,87.56999969482422,88.70999908447266,87.01000213623047,88.30999755859375,88.30999755859375,992800
2019-11-20,87.44000244140625,88.3499984741211,86.87999725341797,87.55000305175781,87.55000305175781,1176200
2019-11-19,87.56999969482422,88.13999938964844,87.0,87.80999755859375,87.80999755859375,640900
2019-11-18,87.04000091552734,88.19999694824219,87.04000091552734,87.7699966430664,87.7699966430664,676500
2019-11-15,86.0,87.73999786376953,85.44999694824219,87.30000305175781,87.30000305175781,1100000
2019-11-14,86.83999633789062,87.12000274658203,85.79000091552734,86.12999725341797,85.72999572753906,1002400
2019-11-13,85.13999938964844,86.7300033569336,84.7300033569336,86.08999633789062,85.69017791748047,712000
2019-11-12,84.5,86.48999786376953,84.11000061035156,85.54000091552734,85.14273834228516,1105700
2019-11-11,84.83999633789062,85.0999984741211,82.0999984741211,84.04000091552734,83.64970397949219,1846200
2019-11-08,83.62999725341797,86.1500015258789,83.05999755859375,86.06999969482422,85.67028045654297,983700
2019-11-07,86.33999633789062,87.7699966430664,83.86000061035156,84.08000183105469,83.68952178955078,1941700
2019-11-06,86.63999938964844,86.94999694824219,84.58000183105469,84.70999908447266,84.31658935546875,1454000
2019-11-05,87.9000015258789,88.77999877929688,83.80000305175781,86.12999725341797,85.72999572753906,2029600
2019-11-04,87.19999694824219,87.7300033569336,85.45999908447266,87.5,87.09363555908203,883300
2019-11-01,85.91999816894531,87.41999816894531,85.54000091552734,86.87000274658203,86.46656799316406,1232000
2019-10-31,85.44999694824219,85.7699966430664,84.5199966430664,85.37999725341797,84.98348236083984,957100
2019-10-30,88.0,88.0,84.83000183105469,85.8499984741211,85.4512939453125,1382200
2019-10-29,87.41999816894531,88.87999725341797,87.12999725341797,88.87000274658203,88.457275390625,927500
2019-10-28,87.19999694824219,88.19999694824219,86.80000305175781,87.38999938964844,86.98414611816406,450400
2019-10-25,85.91000366210938,87.22000122070312,85.30999755859375,86.80000305175781,86.39688873291016,416400
2019-10-24,85.95999908447266,86.29000091552734,84.83999633789062,85.9800033569336,85.58069610595703,732800
2019-10-23,85.7300033569336,86.02999877929688,84.80999755859375,85.6500015258789,85.25222778320312,778800
2019-10-22,86.80999755859375,87.11000061035156,85.58999633789062,86.05999755859375,85.66032409667969,847100
2019-10-21,88.19999694824219,89.0,84.37000274658203,86.66000366210938,86.25753784179688,2337600
2019-10-18,89.51000213623047,90.0,88.33999633789062,89.63999938964844,89.22369384765625,1550400
2019-10-17,86.11000061035156,89.83000183105469,86.11000061035156,89.5,89.0843505859375,3243000
2019-10-16,84.11000061035156,88.69000244140625,84.0199966430664,86.05000305175781,85.65037536621094,2691700
2019-10-15,82.20999908447266,83.61000061035156,81.86000061035156,83.19999694824219,82.81360626220703,777800
2019-10-14,81.79000091552734,82.1500015258789,81.37999725341797,81.58000183105469,81.20113372802734,506000
2019-10-11,81.80000305175781,83.1500015258789,81.16000366210938,81.95999908447266,81.57936096191406,958100
2019-10-10,80.55000305175781,81.56999969482422,79.83999633789062,80.81999969482422,80.44465637207031,741800
2019-10-09,80.83000183105469,81.18000030517578,80.29000091552734,80.37000274658203,79.99674987792969,657500
2019-10-08,81.26000213623047,81.87000274658203,80.12999725341797,80.16999816894531,79.79767608642578,1345000
2019-10-07,81.38999938964844,82.69000244140625,80.73999786376953,81.86000061035156,81.47982788085938,1212300
2019-10-04,81.30000305175781,81.87999725341797,80.2699966430664,81.8499984741211,81.4698715209961,767300
2019-10-03,80.80999755859375,81.56999969482422,79.75,81.33999633789062,80.96224212646484,760500
2019-10-02,81.31999969482422,81.77999877929688,80.44999694824219,80.9800033569336,80.60391998291016,1366400
2019-10-01,82.4800033569336,84.20999908447266,82.06999969482422,82.12000274658203,81.7386245727539,1298200
2019-09-30,81.0,83.41000366210938,81.0,82.33000183105469,81.94764709472656,1141900
2019-09-27,82.33000183105469,82.36000061035156,80.43000030517578,80.94000244140625,80.56410217285156,1400300
2019-09-26,83.43000030517578,83.87000274658203,80.86000061035156,82.0,81.61917877197266,943300
2019-09-25,82.16999816894531,84.06999969482422,82.16999816894531,83.2300033569336,82.84346771240234,881900
2019-09-24,84.2300033569336,85.12999725341797,82.5199966430664,82.69999694824219,82.31592559814453,910300
2019-09-23,84.87000274658203,85.26000213623047,83.29000091552734,83.8499984741211,83.46058654785156,920100
2019-09-20,84.94999694824219,86.45999908447266,84.76000213623047,85.12000274658203,84.72469329833984,2180200
2019-09-19,83.25,85.19999694824219,82.8499984741211,84.62999725341797,84.2369613647461,1315100
2019-09-18,83.27999877929688,83.27999877929688,81.91000366210938,83.0,82.61453247070312,1392700
2019-09-17,84.16999816894531,84.55999755859375,83.1500015258789,83.18000030517578,82.793701171875,1049900
2019-09-16,82.68000030517578,83.88999938964844,82.37000274658203,83.79000091552734,83.40086364746094,1120900
2019-09-13,85.19000244140625,86.33000183105469,82.94999694824219,83.41999816894531,83.03258514404297,1262200
2019-09-12,87.87999725341797,88.2300033569336,84.5199966430664,84.63999938964844,84.24691772460938,1118900
2019-09-11,86.05000305175781,88.45999908447266,85.33000183105469,87.79000091552734,87.38229370117188,1026100
2019-09-10,86.45999908447266,86.81999969482422,84.2300033569336,85.87999725341797,85.48115539550781,1895200
2019-09-09,86.30999755859375,87.56999969482422,86.16000366210938,87.12999725341797,86.72534942626953,1231500
2019-09-06,86.12000274658203,86.61000061035156,85.55999755859375,86.31999969482422,85.91911315917969,963900
2019-09-05,86.29000091552734,87.16999816894531,85.79000091552734,86.04000091552734,85.64041900634766,935200
2019-09-04,84.36000061035156,85.44999694824219,84.33999633789062,85.18000030517578,84.78440856933594,848400
2019-09-03,81.87000274658203,84.5,81.55999755859375,84.04000091552734,83.64970397949219,1613400
2019-08-30,82.30000305175781,82.48999786376953,81.61000061035156,82.2699966430664,81.88792419433594,1091700
2019-08-29,81.83000183105469,82.7699966430664,81.12999725341797,81.91000366210938,81.52960205078125,1179400
2019-08-28,81.02999877929688,82.02999877929688,80.41000366210938,81.01000213623047,80.63378143310547,1918000
2019-08-27,85.94000244140625,86.58999633789062,81.19999694824219,81.27999877929688,80.90251922607422,1848300
2019-08-26,84.41000366210938,85.91999816894531,84.0999984741211,85.9000015258789,85.50106811523438,1183900
2019-08-23,85.45999908447266,86.4000015258789,83.0999984741211,83.54000091552734,83.15203094482422,1177000
2019-08-22,86.55999755859375,87.12000274658203,85.33000183105469,85.55000305175781,85.15269470214844,1008300
2019-08-21,86.44000244140625,87.58000183105469,86.2300033569336,86.31999969482422,85.91911315917969,1033200
2019-08-20,88.04000091552734,88.61000061035156,86.22000122070312,86.30000305175781,85.89921569824219,1017800
2019-08-19,88.20999908447266,88.97000122070312,87.62999725341797,87.75,87.34247589111328,904000
2019-08-16,86.1500015258789,87.9000015258789,85.33999633789062,87.33999633789062,86.93437957763672,811800
2019-08-15,86.43000030517578,86.87999725341797,85.33999633789062,85.97000122070312,85.17259979248047,1098500
2019-08-14,88.4800033569336,88.4800033569336,86.13999938964844,86.33999633789062,85.5391616821289,1368800
2019-08-13,87.61000061035156,89.95999908447266,86.94999694824219,89.26000213623047,88.43209075927734,1411500
2019-08-12,87.37000274658203,87.87000274658203,86.55000305175781,87.37999725341797,86.56951904296875,862900
2019-08-09,87.94000244140625,88.16999816894531,86.54000091552734,87.44999694824219,86.63886260986328,898800
2019-08-08,85.80000305175781,88.38999938964844,85.4800033569336,87.88999938964844,87.07479095458984,1446000
2019-08-07,83.77999877929688,86.04000091552734,81.80000305175781,85.8499984741211,85.0537109375,1998900
2019-08-06,89.30000305175781,90.98999786376953,82.6500015258789,84.11000061035156,83.32984924316406,4485000
2019-08-05,89.58000183105469,90.86000061035156,87.81999969482422,88.69999694824219,87.87727355957031,1392200
2019-08-02,91.94999694824219,92.88999938964844,88.69999694824219,90.44000244140625,89.60114288330078,1252700
2019-08-01,90.87999725341797,94.75,90.58000183105469,91.69999694824219,90.84944915771484,3230300
2019-07-31,88.72000122070312,88.7300033569336,85.52999877929688,87.1500015258789,86.3416519165039,1503100
2019-07-30,86.5,89.01000213623047,85.4800033569336,88.72000122070312,87.8970947265625,1414300
2019-07-29,86.11000061035156,87.26000213623047,86.0999984741211,87.2300033569336,86.4209213256836,803000
2019-07-26,86.26000213623047,86.69000244140625,85.58999633789062,86.12000274658203,85.32121276855469,723400
2019-07-25,87.2300033569336,87.62000274658203,85.54000091552734,85.93000030517578,85.13296508789062,595900
2019-07-24,86.01000213623047,87.04000091552734,85.5999984741211,86.88999938964844,86.08406829833984,757400
2019-07-23,85.2699966430664,86.16000366210938,84.7699966430664,85.80999755859375,85.01408386230469,812500
2019-07-22,85.8499984741211,86.18000030517578,84.93000030517578,85.05000305175781,84.2611312866211,840300
2019-07-19,86.63999938964844,86.63999938964844,85.08999633789062,85.5199966430664,84.72676849365234,928300
2019-07-18,85.4800033569336,87.0,84.55000305175781,86.76000213623047,85.95526885986328,1190900
2019-07-17,88.38999938964844,88.5199966430664,84.62000274658203,85.45999908447266,84.66732788085938,2198400
2019-07-16,89.87000274658203,89.9000015258789,88.76000213623047,89.0,88.17449188232422,942800
2019-07-15,90.01000213623047,90.4000015258789,88.95999908447266,89.93000030517578,89.09587097167969,810000
2019-07-12,90.4000015258789,91.30000305175781,88.87000274658203,89.8499984741211,89.01660919189453,1495000
2019-07-11,91.76000213623047,94.19999694824219,89.79000091552734,90.52999877929688,89.69029998779297,2191200
2019-07-10,88.83000183105469,89.7699966430664,88.0999984741211,89.30000305175781,88.47171020507812,1542400
2019-07-09,87.41999816894531,88.75,87.16999816894531,88.2300033569336,87.4116439819336,1121500
2019-07-08,87.62000274658203,88.05999755859375,86.54000091552734,87.83000183105469,87.01535034179688,968700
2019-07-05,87.4000015258789,88.86000061035156,86.58000183105469,87.97000122070312,87.15404510498047,710400
2019-07-03,86.11000061035156,88.77999877929688,86.08000183105469,87.58999633789062,86.7775650024414,1066500
2019-07-02,85.58999633789062,86.05000305175781,84.5199966430664,85.45999908447266,84.66732788085938,1043700
2019-07-01,85.77999877929688,85.91000366210938,84.6500015258789,85.58999633789062,84.7961196899414,1193700
2019-06-28,85.83000183105469,86.26000213623047,85.05999755859375,85.26000213623047,84.46918487548828,1565400
2019-06-27,84.38999938964844,86.52999877929688,83.9000015258789,85.62999725341797,84.83574676513672,1137500
2019-06-26,84.3499984741211,84.83999633789062,83.25,83.77999877929688,83.00291442871094,1067600
2019-06-25,83.87000274658203,85.1500015258789,83.12000274658203,84.27999877929688,83.49827575683594,1699400
2019-06-24,84.5999984741211,85.13999938964844,82.88999938964844,83.5199966430664,82.74531555175781,2042900
2019-06-21,85.37999725341797,85.48999786376953,84.25,84.45999908447266,83.67660522460938,2403100
2019-06-20,86.97000122070312,86.97000122070312,84.36000061035156,85.55999755859375,84.76639556884766,1880400
2019-06-19,85.73999786376953,86.79000091552734,85.52999877929688,86.05999755859375,85.26175689697266,1377300
2019-06-18,85.94000244140625,87.0999984741211,85.13999938964844,85.44999694824219,84.65741729736328,915500
2019-06-17,85.45999908447266,85.61000061035156,84.38999938964844,85.33999633789062,84.5484390258789,1058800
2019-06-14,86.69999694824219,86.98999786376953,84.83999633789062,85.05000305175781,84.2611312866211,1003800
2019-06-13,85.5999984741211,86.68000030517578,85.30999755859375,86.44000244140625,85.63823699951172,1022700
2019-06-12,84.66999816894531,85.41000366210938,84.2699966430664,85.37999725341797,84.58806610107422,1136000
2019-06-11,85.0,85.2699966430664,84.44999694824219,84.72000122070312,83.93418884277344,1253900
2019-06-10,83.62999725341797,85.4800033569336,83.58000183105469,84.7699966430664,83.98372650146484,1418000
2019-06-07,82.33000183105469,83.66999816894531,81.95999908447266,83.4800033569336,82.70570373535156,1232200
2019-06-06,81.55000305175781,82.45999908447266,81.54000091552734,81.75,80.99174499511719,1412900
2019-06-05,82.86000061035156,83.19000244140625,81.0199966430664,81.6500015258789,80.89266967773438,1145400
2019-06-04,81.29000091552734,82.87999725341797,81.0,82.20999908447266,81.44747161865234,1891500
2019-06-03,78.12000274658203,81.06999969482422,78.12000274658203,80.37000274658203,79.62454223632812,1357500
2019-05-31,77.55000305175781,78.3499984741211,77.06999969482422,77.86000061035156,77.13782501220703,841900
2019-05-30,78.3499984741211,78.93000030517578,77.45999908447266,78.31999969482422,77.59355163574219,802800
2019-05-29,80.52999877929688,80.58000183105469,78.19000244140625,78.3499984741211,77.62327575683594,2047000
2019-05-28,80.56999969482422,81.69000244140625,80.56999969482422,80.88999938964844,80.13971710205078,1900300
2019-05-24,80.44000244140625,81.29000091552734,79.94000244140625,80.68000030517578,79.9316635131836,809300
2019-05-23,81.16000366210938,81.66999816894531,79.94999694824219,80.44000244140625,79.69389343261719,1187400
2019-05-22,80.47000122070312,82.08000183105469,80.16000366210938,81.80000305175781,81.04127502441406,1672000
2019-05-21,79.77999877929688,81.26000213623047,79.47000122070312,80.56999969482422,79.82268524169922,1910900
2019-05-20,77.08000183105469,79.66999816894531,77.05000305175781,79.2300033569336,78.4951171875,1605900
2019-05-17,76.83999633789062,78.83000183105469,76.43000030517578,77.7300033569336,77.00902557373047,1199600
2019-05-16,77.83999633789062,78.75,77.36000061035156,77.58999633789062,76.47403717041016,1382000
2019-05-15,76.29000091552734,77.95999908447266,75.18000030517578,77.86000061035156,76.74015808105469,1333300
2019-05-14,75.94000244140625,78.93000030517578,75.47000122070312,76.69000244140625,75.58698272705078,1605100
2019-05-13,76.04000091552734,76.2699966430664,74.66999816894531,75.68000030517578,74.59150695800781,1087000
2019-05-10,78.9000015258789,79.51000213623047,76.12999725341797,77.47000122070312,76.35575866699219,1336100
2019-05-09,77.7300033569336,79.79000091552734,77.16999816894531,79.18000030517578,78.04116821289062,1774000
2019-05-08,77.83999633789062,79.55999755859375,76.51000213623047,78.72000122070312,77.58778381347656,1826600
2019-05-07,77.61000061035156,79.05999755859375,76.7699966430664,77.45999908447266,76.34590148925781,1727900
2019-05-06,78.12999725341797,78.55999755859375,75.62000274658203,78.30999755859375,77.18367767333984,1204600
2019-05-03,77.9800033569336,79.58999633789062,77.63999938964844,79.13999938964844,78.00173950195312,2090500
2019-05-02,75.5199966430664,78.7699966430664,75.30000305175781,77.05999755859375,75.95165252685547,3064500
2019-05-01,75.12999725341797,75.25,73.04000091552734,73.38999938964844,72.33444213867188,2035500
2019-04-30,74.80000305175781,75.05999755859375,73.61000061035156,74.76000213623047,73.68473815917969,1052500
2019-04-29,74.02999877929688,74.77999877929688,73.75,74.51000213623047,73.4383316040039,719000
2019-04-26,74.08999633789062,74.8499984741211,73.55000305175781,74.05000305175781,72.98494720458984,815000
2019-04-25,73.83000183105469,73.86000061035156,72.62999725341797,73.72000122070312,72.65969848632812,1006700
2019-04-24,73.61000061035156,74.66000366210938,73.33999633789062,74.08999633789062,73.02436828613281,1207700
2019-04-23,71.19999694824219,73.98999786376953,70.91000366210938,73.43000030517578,72.37386322021484,1908800
2019-04-22,72.43000030517578,72.97000122070312,70.55000305175781,71.05999755859375,70.03794860839844,1270400
2019-04-18,72.30000305175781,72.77999877929688,71.27999877929688,72.44999694824219,71.407958984375,1431900
2019-04-17,75.58999633789062,75.79000091552734,71.62999725341797,72.30000305175781,71.26012420654297,1587300
2019-04-16,76.29000091552734,76.9000015258789,74.43000030517578,75.3499984741211,74.2662582397461,1547500
2019-04-15,75.05999755859375,76.16000366210938,74.5999984741211,76.11000061035156,75.01531982421875,871000
2019-04-12,74.58000183105469,76.23999786376953,74.4800033569336,74.73999786376953,73.66502380371094,1552800
2019-04-11,74.51000213623047,75.2699966430664,73.45999908447266,74.18000030517578,73.11307525634766,1603600
2019-04-10,75.3499984741211,75.44999694824219,72.1500015258789,74.0,72.93567657470703,3073600
2019-04-09,77.72000122070312,78.04000091552734,76.5,77.43000030517578,76.31633758544922,957100
2019-04-08,77.0999984741211,78.38999938964844,76.5,78.12000274658203,76.99641418457031,1717300
2019-04-05,76.37000274658203,78.16999816894531,76.16000366210938,77.2699966430664,76.15863800048828,1383900
2019-04-04,75.2699966430664,76.12000274658203,74.27999877929688,75.97000122070312,74.87733459472656,1523100
2019-04-03,75.06999969482422,76.26000213623047,74.12999725341797,75.05000305175781,73.97057342529297,1977300
2019-04-02,76.87999725341797,77.05000305175781,74.41000366210938,74.48999786376953,73.41861724853516,2275800
2019-04-01,80.04000091552734,80.25,79.0,79.08999633789062,77.95245361328125,1413000
2019-03-29,78.30999755859375,79.63999938964844,78.01000213623047,79.5199966430664,78.37627410888672,1249800
2019-03-28,77.05000305175781,77.93000030517578,76.69000244140625,77.88999938964844,76.76972198486328,1111500
2019-03-27,76.36000061035156,76.87000274658203,75.6500015258789,76.5,75.39971923828125,1339200
2019-03-26,77.55999755859375,77.93000030517578,76.05000305175781,76.55999755859375,75.4588394165039,1667200
2019-03-25,78.7699966430664,78.7699966430664,76.87000274658203,77.0999984741211,75.99108123779297,1670400
2019-03-22,80.13999938964844,80.37999725341797,78.66999816894531,78.7699966430664,77.6370620727539,978800
2019-03-21,79.0,80.43000030517578,79.0,80.36000061035156,79.20419311523438,919600
2019-03-20,80.88999938964844,80.88999938964844,79.26000213623047,79.2699966430664,78.12986755371094,1103200
2019-03-19,80.48999786376953,81.69999694824219,80.37999725341797,81.06999969482422,79.90397644042969,871200
2019-03-18,80.48999786376953,81.30000305175781,80.19999694824219,80.38999938964844,79.2337646484375,830100
2019-03-15,79.48999786376953,80.58999633789062,79.48999786376953,80.18000030517578,79.02677917480469,2009300
2019-03-14,79.62000274658203,80.26000213623047,79.06999969482422,79.51000213623047,78.36642456054688,1288400
2019-03-13,79.04000091552734,80.26000213623047,78.68000030517578,79.79000091552734,78.64239501953125,1050000
2019-03-12,78.0999984741211,79.12000274658203,78.0999984741211,78.41999816894531,77.2920913696289,1387600
2019-03-11,76.5199966430664,78.05000305175781,76.08000183105469,77.94999694824219,76.828857421875,1336200
2019-03-08,75.80999755859375,76.94000244140625,75.52999877929688,76.41000366210938,75.31100463867188,1426200
2019-03-07,77.0199966430664,77.51000213623047,76.0199966430664,76.33000183105469,75.2321548461914,2734200
2019-03-06,79.62999725341797,79.62999725341797,76.52999877929688,76.62999725341797,75.52783966064453,3413200
2019-03-05,80.69999694824219,80.69999694824219,79.43000030517578,79.66000366210938,78.51426696777344,2123500
2019-03-04,83.01000213623047,83.44000244140625,79.83000183105469,80.4800033569336,79.32247161865234,1260600
2019-03-01,83.70999908447266,84.2699966430664,82.19999694824219,82.9800033569336,81.78651428222656,902600
2019-02-28,82.86000061035156,83.95999908447266,82.56999969482422,83.30000305175781,82.10191345214844,1832300
2019-02-27,83.66999816894531,83.87000274658203,82.44999694824219,82.79000091552734,81.5992431640625,1896300
2019-02-26,84.80000305175781,84.9800033569336,83.87999725341797,83.91999816894531,82.7129898071289,825100
2019-02-25,86.30000305175781,86.56999969482422,84.63999938964844,84.66999816894531,83.45220184326172,746100
2019-02-22,85.38999938964844,85.87999725341797,84.9000015258789,85.66999816894531,84.43781280517578,827900
2019-02-21,86.3499984741211,86.4000015258789,84.52999877929688,84.9800033569336,83.75774383544922,722400
2019-02-20,86.19000244140625,87.12999725341797,85.43000030517578,86.33000183105469,85.08832550048828,728300
2019-02-19,86.4000015258789,87.31999969482422,86.0,86.8499984741211,85.60084533691406,1546000
2019-02-15,86.69999694824219,87.3499984741211,85.9000015258789,86.66000366210938,85.41358947753906,920500
2019-02-14,86.0199966430664,86.97000122070312,85.5199966430664,86.44999694824219,84.8123550415039,735800
2019-02-13,85.91000366210938,86.7699966430664,85.48999786376953,86.41000366210938,84.77311706542969,752200
2019-02-12,84.13999938964844,85.83000183105469,84.06999969482422,85.79000091552734,84.16485595703125,1024800
2019-02-11,84.25,84.3499984741211,83.29000091552734,83.63999938964844,82.05558776855469,1304800
2019-02-08,85.30000305175781,85.44999694824219,83.69999694824219,84.30999755859375,82.712890625,1519900
2019-02-07,86.80000305175781,87.52999877929688,85.4800033569336,85.80000305175781,84.17466735839844,1470700
2019-02-06,85.41999816894531,87.2699966430664,85.19000244140625,86.63999938964844,84.9987564086914,1132700
2019-02-05,84.75,86.3499984741211,84.4800033569336,85.7699966430664,84.14523315429688,1594600
2019-02-04,83.75,85.0,83.2699966430664,84.44999694824219,82.8502426147461,1872000
2019-02-01,81.81999969482422,83.81999969482422,79.69999694824219,83.76000213623047,82.1733169555664,4283300
2019-01-31,80.4800033569336,85.86000061035156,80.4800033569336,83.37000274658203,81.79070281982422,4542200
2019-01-30,79.7300033569336,80.13999938964844,78.33000183105469,78.52999877929688,77.04238891601562,1833000
2019-01-29,80.04000091552734,80.11000061035156,78.5199966430664,79.54000091552734,78.03325653076172,1040900
2019-01-28,79.47000122070312,80.30999755859375,78.87999725341797,80.12000274658203,78.6022720336914,838800
2019-01-25,79.20999908447266,80.52999877929688,78.97000122070312,79.66000366210938,78.1509780883789,924200
2019-01-24,79.30000305175781,79.94999694824219,78.30000305175781,78.69999694824219,77.20916748046875,670000
2019-01-23,79.80999755859375,79.9800033569336,77.66999816894531,79.36000061035156,77.85665893554688,1044000
2019-01-22,79.25,79.91000366210938,78.22000122070312,79.70999908447266,78.20002746582031,1400200
2019-01-18,76.81999969482422,79.94999694824219,76.5,79.86000061035156,78.34719848632812,2245600
2019-01-17,77.79000091552734,78.12999725341797,76.0,76.08000183105469,74.6387939453125,1369700
2019-01-16,77.25,77.7699966430664,76.66999816894531,77.30000305175781,75.83568572998047,988900
2019-01-15,76.98999786376953,77.73999786376953,76.38999938964844,77.26000213623047,75.79644775390625,1667400
2019-01-14,76.02999877929688,77.62000274658203,76.01000213623047,76.86000061035156,75.40402221679688,1466200
2019-01-11,75.63999938964844,76.62000274658203,74.87999725341797,76.55999755859375,75.10970306396484,978600
2019-01-10,75.94999694824219,76.33000183105469,74.77999877929688,76.0,74.56031799316406,1623100
2019-01-09,75.91999816894531,76.9000015258789,75.58999633789062,76.31999969482422,74.87425231933594,1151400
2019-01-08,75.0999984741211,75.93000030517578,74.11000061035156,75.55000305175781,74.11883544921875,1689500
2019-01-07,74.43000030517578,76.23999786376953,73.81999969482422,74.75,73.33399200439453,1608300
2019-01-04,73.66000366210938,74.36000061035156,72.55000305175781,74.22000122070312,72.81404113769531,2417700
2019-01-03,74.08999633789062,74.70999908447266,72.91000366210938,73.37000274658203,71.98014068603516,1499400
2019-01-02,73.73999786376953,74.7699966430664,73.11000061035156,74.44999694824219,73.03968048095703,1149700
2018-12-31,74.08999633789062,75.08000183105469,73.36000061035156,74.4000015258789,72.99063110351562,1028400
2018-12-28,73.9000015258789,75.08000183105469,72.80999755859375,73.95999908447266,72.5589599609375,1543000
2018-12-27,72.2300033569336,73.52999877929688,70.38999938964844,73.52999877929688,72.13710021972656,1213200
2018-12-26,70.9000015258789,73.12999725341797,69.36000061035156,73.04000091552734,71.65638732910156,1049200
2018-12-24,71.97000122070312,72.70999908447266,70.62999725341797,70.76000213623047,69.4195785522461,523900
2018-12-21,73.20999908447266,75.55999755859375,71.55000305175781,71.9800033569336,70.61647033691406,2573600
2018-12-20,75.8499984741211,77.0199966430664,72.13999938964844,73.22000122070312,71.83297729492188,2130700
2018-12-19,76.48999786376953,78.66999816894531,75.66000366210938,76.30999755859375,74.86444091796875,1639100
2018-12-18,77.45999908447266,78.5999984741211,75.41999816894531,76.23999786376953,74.79576873779297,1327200
2018-12-17,78.12000274658203,78.55000305175781,76.5,77.0,75.54137420654297,1472600
2018-12-14,80.77999877929688,81.33000183105469,78.7699966430664,78.97000122070312,77.47405242919922,1567900
2018-12-13,82.93000030517578,83.33999633789062,81.27999877929688,81.88999938964844,80.33873748779297,1140800
2018-12-12,83.08000183105469,84.9800033569336,83.06999969482422,83.22000122070312,81.64354705810547,1175800
2018-12-11,84.38999938964844,84.77999877929688,81.6500015258789,82.4800033569336,80.91756439208984,1297900
2018-12-10,84.41999816894531,84.41999816894531,80.44999694824219,83.55000305175781,81.96729278564453,1193900
2018-12-07,85.54000091552734,86.26000213623047,84.0,84.31999969482422,82.72270202636719,934700
2018-12-06,86.98999786376953,86.98999786376953,83.33000183105469,85.9800033569336,84.35126495361328,1582600
2018-12-04,88.5999984741211,90.26000213623047,87.41000366210938,87.61000061035156,85.95037841796875,2102800
2018-12-03,88.9800033569336,89.68000030517578,88.05000305175781,89.0199966430664,87.33367156982422,1270200
2018-11-30,90.68000030517578,90.87000274658203,87.66999816894531,88.9000015258789,87.21595001220703,1934500
2018-11-29,90.88999938964844,91.20999908447266,89.87999725341797,90.5,88.78562927246094,805000
2018-11-28,89.69999694824219,91.2699966430664,89.05000305175781,91.23999786376953,89.51161193847656,1018900
2018-11-27,88.88999938964844,89.75,88.3499984741211,89.62999725341797,87.9321060180664,1327100
2018-11-26,88.62999725341797,89.2300033569336,88.0199966430664,88.94000244140625,87.25518798828125,928300
2018-11-23,87.18000030517578,88.0,86.45999908447266,87.66000366210938,85.99943542480469,361400
2018-11-21,88.5199966430664,89.30000305175781,87.0999984741211,87.43000030517578,85.77378845214844,1252900
2018-11-20,90.05000305175781,91.52999877929688,87.95999908447266,88.87000274658203,87.18651580810547,2098900
2018-11-19,89.0999984741211,91.37000274658203,88.1500015258789,90.81999969482422,89.09957122802734,2033000
2018-11-16,88.30999755859375,89.12000274658203,87.44999694824219,88.75,87.06878662109375,1175400
2018-11-15,88.66000366210938,89.18000030517578,86.08000183105469,89.1500015258789,87.06878662109375,1200400
2018-11-14,91.5199966430664,92.44000244140625,89.20999908447266,89.58000183105469,87.48875427246094,1178400
2018-11-13,90.02999877929688,92.58999633789062,89.75,91.30999755859375,89.17835998535156,1683600
2018-11-12,88.3499984741211,90.33000183105469,87.9800033569336,89.91999816894531,87.82081604003906,954700
2018-11-09,88.87999725341797,90.30999755859375,87.63999938964844,88.86000061035156,86.78556060791016,1129200
2018-11-08,85.87000274658203,90.0199966430664,84.87000274658203,89.16999816894531,87.08832550048828,2154800
2018-11-07,84.4000015258789,87.37000274658203,84.4000015258789,86.54000091552734,84.51972198486328,1975100
2018-11-06,83.5,85.94000244140625,80.27999877929688,84.0,82.03900909423828,4966200
2018-11-05,89.16999816894531,89.56999969482422,88.25,88.55999755859375,86.49256134033203,1162800
2018-11-02,91.70999908447266,91.9800033569336,88.05999755859375,88.56999969482422,86.50233459472656,989500
2018-11-01,88.44000244140625,91.16999816894531,88.38999938964844,90.91999816894531,88.79747009277344,927800
2018-10-31,88.01000213623047,89.22000122070312,87.12999725341797,88.0,85.94564056396484,961900
2018-10-30,86.33999633789062,87.68000030517578,85.80999755859375,87.61000061035156,85.56474304199219,1095600
2018-10-29,85.91000366210938,87.7300033569336,84.87999725341797,85.98999786376953,83.9825668334961,777100
2018-10-26,84.94000244140625,86.12000274658203,83.06999969482422,84.72000122070312,82.7422103881836,1017200
2018-10-25,84.62999725341797,87.30000305175781,83.58000183105469,85.72000122070312,83.71886444091797,2680800
2018-10-24,89.83999633789062,90.19000244140625,84.33000183105469,84.48999786376953,82.517578125,2792500
2018-10-23,88.94999694824219,90.73999786376953,87.48999786376953,90.27999877929688,88.17240142822266,940400
2018-10-22,92.95999908447266,93.5,89.6500015258789,90.22000122070312,88.11380767822266,1244600
2018-10-19,93.29000091552734,94.8499984741211,92.44000244140625,92.80000305175781,90.63358306884766,1100500
2018-10-18,93.95999908447266,94.27999877929688,92.54000091552734,93.37999725341797,91.20003509521484,881100
2018-10-17,92.7699966430664,94.56999969482422,92.5,93.76000213623047,91.5711669921875,1470300
2018-10-16,90.02999877929688,93.22000122070312,89.48999786376953,92.56999969482422,90.40895080566406,2020200
2018-10-15,88.06999969482422,90.54000091552734,88.06999969482422,89.54000091552734,87.4496841430664,956700
2018-10-12,88.25,88.77999877929688,86.76000213623047,88.4800033569336,86.4144287109375,1147900
2018-10-11,90.52999877929688,90.79000091552734,86.87000274658203,87.30999755859375,85.27174377441406,1590200
2018-10-10,91.05000305175781,92.83000183105469,90.80999755859375,90.83999633789062,88.7193374633789,1781600
2018-10-09,91.48999786376953,91.80000305175781,90.44000244140625,90.91999816894531,88.79747009277344,1157900
2018-10-08,90.5999984741211,92.25,90.5999984741211,91.29000091552734,89.15882873535156,1163400
2018-10-05,91.01000213623047,92.19000244140625,89.91000366210938,90.58000183105469,88.46540069580078,1178600
2018-10-04,91.36000061035156,92.56999969482422,90.80999755859375,91.04000091552734,88.9146728515625,1300400
2018-10-03,92.05000305175781,92.70999908447266,90.83000183105469,91.02999877929688,88.90489959716797,1405100
2018-10-02,92.51000213623047,93.16000366210938,91.38999938964844,91.4000015258789,89.2662582397461,1197600
2018-10-01,92.75,93.94000244140625,92.30000305175781,92.79000091552734,90.62381744384766,1232500
2018-09-28,91.12000274658203,92.51000213623047,90.52999877929688,92.22000122070312,90.06712341308594,1128400
2018-09-27,90.33999633789062,91.48999786376953,90.33999633789062,91.1500015258789,89.02210235595703,948800
2018-09-26,89.61000061035156,91.4800033569336,89.61000061035156,90.30999755859375,88.20169830322266,1301700
2018-09-25,89.68000030517578,90.58000183105469,89.43000030517578,89.5199966430664,87.43014526367188,975300
2018-09-24,89.62999725341797,90.19000244140625,88.44000244140625,89.56999969482422,87.47897338867188,966700
2018-09-21,91.16000366210938,91.69999694824219,89.62000274658203,90.12999725341797,88.02590942382812,1853200
2018-09-20,89.79000091552734,91.44999694824219,89.79000091552734,91.05999755859375,88.93419647216797,1082900
2018-09-19,87.44999694824219,89.88999938964844,87.12999725341797,89.38999938964844,87.30319213867188,1393000
2018-09-18,86.55999755859375,88.05999755859375,86.31999969482422,87.33000183105469,85.29127502441406,1009500
2018-09-17,86.0199966430664,87.38999938964844,85.36000061035156,86.76000213623047,84.7345962524414,1010500
2018-09-14,86.19000244140625,87.37999725341797,85.63999938964844,85.83999633789062,83.8360595703125,1166900
2018-09-13,85.72000122070312,86.2699966430664,85.1500015258789,85.93000030517578,83.92396545410156,1096100
2018-09-12,83.7300033569336,85.43000030517578,83.38999938964844,85.20999908447266,83.22077941894531,1310100
2018-09-11,87.25,87.80999755859375,83.95999908447266,84.0999984741211,82.13668060302734,2498700
2018-09-10,88.70999908447266,89.4800033569336,88.19999694824219,88.33000183105469,86.2679443359375,1013700
2018-09-07,88.30000305175781,89.26000213623047,87.79000091552734,88.63999938964844,86.57068634033203,974100
2018-09-06,89.61000061035156,89.91999816894531,87.5999984741211,88.37999725341797,86.31676483154297,1342200
2018-09-05,88.63999938964844,89.54000091552734,88.30000305175781,89.44000244140625,87.35202026367188,1063200
2018-09-04,89.52999877929688,89.5999984741211,88.01000213623047,89.16999816894531,87.08832550048828,1021100
2018-08-31,89.69999694824219,90.04000091552734,89.16999816894531,89.97000122070312,87.8696517944336,886000
2018-08-30,88.9000015258789,90.38999938964844,88.31999969482422,90.05999755859375,87.9575424194336,1446400
2018-08-29,88.66999816894531,89.43000030517578,87.77999877929688,89.26000213623047,87.17623138427734,792300
2018-08-28,88.80999755859375,88.97000122070312,87.9000015258789,88.87000274658203,86.79532623291016,578900
2018-08-27,88.62999725341797,89.6500015258789,88.2300033569336,88.45999908447266,86.3948974609375,786700
2018-08-24,88.5999984741211,88.9800033569336,87.91999816894531,88.33000183105469,86.2679443359375,626700
2018-08-23,88.2300033569336,88.58999633789062,87.5199966430664,88.27999877929688,86.21910095214844,836000
2018-08-22,87.93000030517578,88.37999725341797,87.02999877929688,88.1500015258789,86.09214782714844,550400
2018-08-21,88.3499984741211,88.83000183105469,87.93000030517578,87.98999786376953,85.93586730957031,769500
2018-08-20,87.70999908447266,88.66000366210938,87.70999908447266,88.2699966430664,86.20933532714844,868000
2018-08-17,86.37999725341797,88.47000122070312,86.37999725341797,87.72000122070312,85.67217254638672,1298900
2018-08-16,85.9800033569336,87.29000091552734,84.7699966430664,86.81999969482422,84.42205810546875,1811900
2018-08-15,83.94000244140625,85.1500015258789,83.01000213623047,85.12000274658203,82.76901245117188,1377100
2018-08-14,83.1500015258789,85.12999725341797,83.12000274658203,84.43000030517578,82.09805297851562,1182500
2018-08-13,82.0,83.2699966430664,81.9000015258789,83.05999755859375,80.76590728759766,1243500
2018-08-10,83.0,83.08000183105469,81.6500015258789,81.9800033569336,79.71573638916016,1255000
2018-08-09,82.72000122070312,84.5199966430664,82.3499984741211,83.23999786376953,80.94093322753906,1316400
2018-08-08,83.23999786376953,83.55999755859375,81.4800033569336,82.66000366210938,80.37696075439453,1446700
2018-08-07,82.01000213623047,84.80999755859375,81.5199966430664,83.44000244140625,81.13541412353516,1581600
2018-08-06,80.25,82.72000122070312,80.06999969482422,82.13999938964844,79.87129974365234,1966800
2018-08-03,78.9800033569336,81.33999633789062,78.22000122070312,80.97000122070312,78.73363494873047,1937500
2018-08-02,78.0,79.66999816894531,77.27999877929688,78.9800033569336,76.79859161376953,3712200
2018-08-01,81.66999816894531,82.83999633789062,79.45999908447266,79.48999786376953,77.29449462890625,2357800
2018-07-31,83.20999908447266,83.48999786376953,81.77999877929688,81.83000183105469,79.56987762451172,1500200
2018-07-30,83.11000061035156,84.48999786376953,82.55000305175781,82.91000366210938,80.62004852294922,1668500
2018-07-27,83.20999908447266,84.37000274658203,82.13999938964844,82.91999816894531,80.6297607421875,1276900
2018-07-26,84.83000183105469,85.25,82.9800033569336,83.23999786376953,80.94093322753906,1634400
2018-07-25,84.2300033569336,85.19999694824219,83.75,84.7699966430664,82.42866516113281,1263700
2018-07-24,84.8499984741211,85.58000183105469,83.79000091552734,83.93000030517578,81.61186218261719,920500
2018-07-23,84.72000122070312,85.72000122070312,84.69999694824219,84.75,82.40922546386719,670600
2018-07-20,84.77999877929688,85.52999877929688,83.30999755859375,84.69999694824219,82.360595703125,1217000
2018-07-19,86.26000213623047,86.37999725341797,83.51000213623047,85.55999755859375,83.19685363769531,2193700
2018-07-18,86.8499984741211,87.54000091552734,86.08000183105469,86.33000183105469,83.94559478759766,813600
2018-07-17,86.66999816894531,87.58000183105469,86.44999694824219,86.81999969482422,84.42205810546875,1097300
2018-07-16,88.23999786376953,88.23999786376953,86.77999877929688,86.9000015258789,84.49984741210938,926600
2018-07-13,86.97000122070312,88.66999816894531,86.45999908447266,87.91000366210938,85.48194885253906,1157600
2018-07-12,87.76000213623047,87.98999786376953,86.19000244140625,86.80000305175781,84.4026107788086,1482100
2018-07-11,87.11000061035156,87.37999725341797,85.62000274658203,87.13999938964844,84.73321533203125,1250900
2018-07-10,88.94000244140625,89.01000213623047,87.87999725341797,88.13999938964844,85.70559692382812,843300
2018-07-09,88.30000305175781,89.55000305175781,87.97000122070312,88.25,85.81256103515625,1436200
2018-07-06,87.61000061035156,88.13999938964844,86.83000183105469,87.97000122070312,85.54029083251953,1014800
2018-07-05,86.36000061035156,87.2699966430664,85.9000015258789,87.19999694824219,84.79154968261719,871600
2018-07-03,85.98999786376953,87.13999938964844,85.02999877929688,86.68000030517578,84.28592681884766,619700
2018-07-02,84.80000305175781,85.73999786376953,83.58999633789062,85.72000122070312,83.3524398803711,1260100
2018-06-29,86.16000366210938,86.55999755859375,84.37999725341797,85.2699966430664,82.91486358642578,1401800
2018-06-28,83.23999786376953,86.76000213623047,82.13999938964844,86.0999984741211,83.72193908691406,5020200
2018-06-27,90.36000061035156,91.52999877929688,89.5199966430664,89.81999969482422,87.33918762207031,811700
2018-06-26,91.91000366210938,92.33000183105469,90.2300033569336,90.38999938964844,87.89344787597656,959700
2018-06-25,93.1500015258789,93.80999755859375,91.3499984741211,92.22000122070312,89.67291259765625,670900
2018-06-22,93.3499984741211,94.33999633789062,92.87000274658203,93.5,90.91754913330078,974300
2018-06-21,93.66999816894531,93.95999908447266,92.86000061035156,93.20999908447266,90.63556671142578,962800
2018-06-20,92.02999877929688,93.58000183105469,91.69000244140625,93.2300033569336,90.65501403808594,640300
2018-06-19,90.93000030517578,92.18000030517578,90.38999938964844,92.16999816894531,89.62428283691406,1159100
2018-06-18,94.2699966430664,94.41000366210938,91.30999755859375,91.56999969482422,89.04086303710938,1265200
2018-06-15,92.9000015258789,94.87999725341797,92.0,94.8499984741211,92.23026275634766,2042700
2018-06-14,90.8499984741211,93.81999969482422,90.41000366210938,93.3499984741211,90.77169036865234,1903500
2018-06-13,88.61000061035156,91.88999938964844,88.55000305175781,90.66000366210938,88.15599060058594,2459200
2018-06-12,87.44000244140625,88.05000305175781,86.25,88.04000091552734,85.60836029052734,1014100
2018-06-11,86.25,87.86000061035156,86.12999725341797,87.27999877929688,84.86933898925781,1595200
2018-06-08,86.5999984741211,87.08999633789062,85.12999725341797,86.08999633789062,83.71220397949219,1198700
2018-06-07,87.33999633789062,87.70999908447266,86.43000030517578,86.5999984741211,84.20812225341797,1261000
2018-06-06,84.87000274658203,87.19000244140625,84.83999633789062,87.1500015258789,84.74293518066406,1080100
2018-06-05,84.4000015258789,85.44999694824219,84.06999969482422,84.79000091552734,82.44812774658203,976800
2018-06-04,82.87000274658203,85.23999786376953,82.73999786376953,84.31999969482422,81.99110412597656,1037800
2018-06-01,82.66000366210938,83.62999725341797,82.13999938964844,83.33999633789062,81.03816986083984,1020500
2018-05-31,84.43000030517578,84.43000030517578,81.97000122070312,82.13999938964844,79.87129974365234,1352600
2018-05-30,82.81999969482422,84.58000183105469,82.48999786376953,84.12999725341797,81.80635070800781,910900
2018-05-29,84.56999969482422,84.8499984741211,82.0999984741211,82.56999969482422,80.2894287109375,1390600
2018-05-25,84.45999908447266,86.12999725341797,83.98999786376953,85.48999786376953,83.12877655029297,786200
2018-05-24,83.55999755859375,85.2300033569336,82.33999633789062,84.08999633789062,81.7674560546875,1224100
2018-05-23,83.87999725341797,84.62999725341797,83.3499984741211,83.95999908447266,81.64104461669922,923500
2018-05-22,84.58999633789062,85.73999786376953,84.26000213623047,84.51000213623047,82.17584991455078,1058200
2018-05-21,85.2300033569336,85.61000061035156,84.04000091552734,84.33999633789062,82.01055145263672,972500
2018-05-18,86.83999633789062,87.02999877929688,84.69999694824219,84.7699966430664,82.42866516113281,1309300
2018-05-17,85.94000244140625,87.86000061035156,85.33000183105469,87.06999969482422,84.29563903808594,1531700
2018-05-16,85.93000030517578,86.7300033569336,85.30999755859375,85.98999786376953,83.25006866455078,1017400
2018-05-15,86.5999984741211,87.4800033569336,85.43000030517578,85.66999816894531,82.94024658203125,1028200
2018-05-14,87.43000030517578,88.4800033569336,86.91000366210938,87.27999877929688,84.49894714355469,1015000
2018-05-11,85.5999984741211,87.5,84.63999938964844,86.87999725341797,84.11168670654297,1853300
2018-05-10,85.41000366210938,87.83000183105469,85.41000366210938,85.52999877929688,82.80470275878906,1996500
2018-05-09,84.81999969482422,85.61000061035156,84.27999877929688,84.72000122070312,82.02052307128906,2054200
2018-05-08,84.58000183105469,85.47000122070312,83.7699966430664,84.69000244140625,81.9914779663086,1593300
2018-05-07,86.44999694824219,87.4800033569336,84.5999984741211,84.69000244140625,81.9914779663086,1285200
2018-05-04,84.51000213623047,87.30000305175781,83.48999786376953,86.37000274658203,83.61795043945312,1962400
2018-05-03,89.25,89.48999786376953,85.2699966430664,85.37000274658203,82.6498031616211,3482500
2018-05-02,88.55999755859375,95.0,87.05000305175781,92.18000030517578,89.2428207397461,3502300
2018-05-01,90.44999694824219,90.69000244140625,87.69000244140625,89.19999694824219,86.3577651977539,1672700
2018-04-30,93.27999877929688,93.27999877929688,90.52999877929688,90.58000183105469,87.69379425048828,1108200
2018-04-27,91.93000030517578,93.25,91.7300033569336,93.06999969482422,90.10446166992188,1080600
2018-04-26,91.8499984741211,92.81999969482422,91.12000274658203,92.08000183105469,89.14599609375,1059300
2018-04-25,89.91999816894531,91.45999908447266,89.30000305175781,91.43000030517578,88.51671600341797,722400
2018-04-24,91.4000015258789,91.9800033569336,89.38999938964844,90.13999938964844,87.26781463623047,994200
2018-04-23,90.1500015258789,90.81999969482422,89.83999633789062,90.73999786376953,87.84870147705078,959900
2018-04-20,92.0,92.0199966430664,89.12000274658203,89.87000274658203,87.00643157958984,886700
2018-04-19,92.58999633789062,92.58999633789062,90.27999877929688,91.69000244140625,88.7684326171875,1075500
2018-04-18,91.66999816894531,94.22000122070312,91.4000015258789,92.75,89.7946548461914,2130100
2018-04-17,89.5,91.38999938964844,89.44000244140625,91.04000091552734,88.13914489746094,2832600
2018-04-16,86.81999969482422,89.66999816894531,84.19000244140625,88.7699966430664,85.94147491455078,5103500
2018-04-13,88.38999938964844,88.77999877929688,86.11000061035156,86.81999969482422,84.05361938476562,1235700
2018-04-12,89.55000305175781,89.83999633789062,87.88999938964844,88.19000244140625,85.37996673583984,649400
2018-04-11,87.94999694824219,89.9000015258789,87.81999969482422,89.08999633789062,86.25127410888672,724700
2018-04-10,87.62000274658203,89.47000122070312,87.3499984741211,88.91000366210938,86.07701873779297,1161700
2018-04-09,85.80999755859375,87.69000244140625,85.33999633789062,86.79000091552734,84.02457427978516,1119600
2018-04-06,86.29000091552734,87.08000183105469,84.62000274658203,85.41000366210938,82.68853759765625,1592700
2018-04-05,85.5999984741211,88.56999969482422,85.13999938964844,87.37999725341797,84.59575653076172,3188200
2018-04-04,82.76000213623047,86.68000030517578,82.72000122070312,86.25,83.50176239013672,1485600
2018-04-03,83.19000244140625,84.01000213623047,81.58000183105469,83.93000030517578,81.25569152832031,1318200
2018-04-02,86.0999984741211,86.58999633789062,81.81999969482422,82.66999816894531,80.03585052490234,1957700
2018-03-29,85.12999725341797,86.62000274658203,85.04000091552734,86.20999908447266,83.46304321289062,1528100
2018-03-28,84.44999694824219,85.75,84.12999725341797,85.11000061035156,82.3980941772461,1969600
2018-03-27,84.93000030517578,85.20999908447266,83.37999725341797,84.01000213623047,81.33314514160156,1454600
2018-03-26,84.88999938964844,85.08000183105469,82.87999725341797,84.94999694824219,82.24319458007812,1649200
2018-03-23,85.33999633789062,86.45999908447266,83.80999755859375,84.02999877929688,81.35250091552734,1629600
2018-03-22,88.4000015258789,88.4000015258789,84.66000366210938,85.0,82.29161071777344,4618900
2018-03-21,89.44999694824219,91.45999908447266,89.2699966430664,89.5,86.6482162475586,1714500
2018-03-20,92.95999908447266,93.19000244140625,88.1500015258789,89.19000244140625,86.34809112548828,2602400
2018-03-19,96.33999633789062,96.33999633789062,92.81999969482422,93.0,90.03668975830078,1127200
2018-03-16,97.43000030517578,98.2300033569336,96.45999908447266,96.61000061035156,93.53166198730469,1597500
2018-03-15,99.05000305175781,99.25,97.33000183105469,97.36000061035156,94.25776672363281,1251200
2018-03-14,100.87999725341797,101.12000274658203,98.1500015258789,98.58000183105469,95.43890380859375,1287900
2018-03-13,100.44000244140625,101.38999938964844,100.33999633789062,100.5999984741211,97.39452362060547,1509000
2018-03-12,99.20999908447266,101.0199966430664,98.97000122070312,100.29000091552734,97.09441375732422,1586700
2018-03-09,96.88999938964844,99.05000305175781,96.76000213623047,99.0,95.84551239013672,1037900
2018-03-08,96.26000213623047,98.02999877929688,95.20999908447266,96.23999786376953,93.1734619140625,1148300
2018-03-07,93.77999877929688,95.88999938964844,93.12000274658203,95.5999984741211,92.55384826660156,1025400
2018-03-06,95.48999786376953,95.52999877929688,94.08000183105469,94.69999694824219,91.68253326416016,1338200
2018-03-05,93.01000213623047,95.26000213623047,92.83999633789062,94.9000015258789,91.87615203857422,1317600
2018-03-02,92.69999694824219,94.58000183105469,92.55999755859375,93.95999908447266,90.96609497070312,1489900
2018-03-01,94.83999633789062,95.33999633789062,92.51000213623047,93.30000305175781,90.32714080810547,2177800
2018-02-28,97.94000244140625,99.75,95.1500015258789,95.16000366210938,92.12787628173828,1432300
2018-02-27,101.01000213623047,101.55999755859375,93.16000366210938,97.63999938964844,94.52885437011719,4738300
2018-02-26,98.58999633789062,100.95999908447266,98.0999984741211,100.58000183105469,97.37516784667969,1551100
2018-02-23,97.56999969482422,98.48999786376953,96.66999816894531,98.41999816894531,95.28398895263672,1127600
2018-02-22,98.75,99.19000244140625,96.6500015258789,97.12000274658203,94.02542114257812,3416700
2018-02-21,99.81999969482422,99.95999908447266,98.33999633789062,98.56999969482422,95.42921447753906,2815500
2018-02-20,98.9800033569336,100.05000305175781,98.5199966430664,99.94000244140625,96.75556945800781,1683700
2018-02-16,96.7300033569336,100.05999755859375,96.55000305175781,99.4000015258789,96.23277282714844,2787800
2018-02-15,96.93000030517578,97.62000274658203,94.51000213623047,97.5999984741211,94.12223815917969,2884000
2018-02-14,97.25,98.19000244140625,95.5999984741211,96.4000015258789,92.9649887084961,3976900
2018-02-13,101.66999816894531,102.0,95.94000244140625,97.7699966430664,94.28616333007812,9725800
2018-02-12,89.8499984741211,91.54000091552734,88.76000213623047,89.44999694824219,86.26262664794922,2157400
2018-02-09,92.54000091552734,92.54000091552734,85.80000305175781,89.19000244140625,86.01190948486328,3670800
2018-02-08,94.55999755859375,95.55999755859375,91.45999908447266,91.55000305175781,88.28782653808594,1742100
2018-02-07,91.5999984741211,95.33999633789062,91.0999984741211,94.22000122070312,90.8626708984375,2509500
2018-02-06,92.58000183105469,93.37000274658203,86.94000244140625,91.54000091552734,88.27816772460938,4575000
2018-02-05,95.62000274658203,96.5199966430664,91.69000244140625,91.9000015258789,88.62533569335938,2278500
2018-02-02,99.08999633789062,99.08999633789062,95.91000366210938,96.0199966430664,92.5985336303711,1660300
2018-02-01,97.73999786376953,99.80999755859375,95.7300033569336,99.29000091552734,95.75201416015625,2786600
2018-01-31,102.9800033569336,103.04000091552734,99.05999755859375,99.66999816894531,96.11846923828125,2458600
2018-01-30,102.0,103.6500015258789,100.02999877929688,102.45999908447266,98.80905151367188,3113900
2018-01-29,105.13999938964844,106.2699966430664,104.87000274658203,105.08999633789062,101.34532928466797,1423000
2018-01-26,104.55999755859375,105.7300033569336,104.11000061035156,105.4800033569336,101.72144317626953,1453300
2018-01-25,104.66999816894531,104.66999816894531,103.44000244140625,104.37000274658203,100.65100860595703,992700
2018-01-24,103.29000091552734,104.95999908447266,102.9000015258789,104.62000274658203,100.89208221435547,2111700
2018-01-23,103.0,103.66999816894531,102.0999984741211,102.80999755859375,99.1465835571289,1371500
2018-01-22,100.27999877929688,102.7300033569336,99.66000366210938,102.66000366210938,99.00193786621094,1313400
2018-01-19,100.87000274658203,101.58000183105469,99.62999725341797,100.05999755859375,96.49457550048828,1371400
2018-01-18,101.52999877929688,101.63999938964844,99.75,100.86000061035156,97.26606750488281,1895800
2018-01-17,99.7699966430664,101.8499984741211,99.7699966430664,101.30000305175781,97.69039154052734,1864700
2018-01-16,99.0999984741211,100.66999816894531,98.97000122070312,99.55000305175781,96.00273895263672,1869700
2018-01-12,98.5,99.0,97.55000305175781,99.0,95.47234344482422,1469300
2018-01-11,97.4000015258789,98.13999938964844,96.5199966430664,98.13999938964844,94.64298248291016,780700
2018-01-10,96.54000091552734,97.30999755859375,94.75,97.20999908447266,93.74612426757812,1070100
2018-01-09,96.94999694824219,97.86000061035156,95.91000366210938,97.5199966430664,94.04508209228516,1783500
2018-01-08,95.11000061035156,97.80999755859375,94.80999755859375,96.9000015258789,93.44718170166016,1731000
2018-01-05,93.7699966430664,95.62999725341797,93.7699966430664,95.31999969482422,91.92346954345703,1342300
2018-01-04,94.63999938964844,94.83000183105469,92.86000061035156,94.18000030517578,90.82408905029297,1781300
2018-01-03,93.4000015258789,94.7300033569336,92.47000122070312,94.38999938964844,91.02661895751953,1034800
2018-01-02,92.1500015258789,94.06999969482422,92.12000274658203,94.04000091552734,90.6890869140625,1138200
2017-12-29,92.88999938964844,93.5999984741211,91.76000213623047,91.81999969482422,88.54818725585938,777800
2017-12-28,92.87999725341797,92.93000030517578,91.75,92.58999633789062,89.2907485961914,1152500
2017-12-27,93.18000030517578,93.19999694824219,92.0,92.5999984741211,89.3003921508789,734800
2017-12-26,92.4800033569336,93.87999725341797,91.91000366210938,93.25,89.9272232055664,734200
2017-12-22,93.41000366210938,93.41000366210938,91.5,92.45999908447266,89.16537475585938,1331700
2017-12-21,93.75,94.16000366210938,92.44999694824219,92.98999786376953,89.67649841308594,1405400
2017-12-20,93.66999816894531,94.23999786376953,92.95999908447266,93.73999786376953,90.39976501464844,1442000
2017-12-19,92.66999816894531,94.44000244140625,92.33000183105469,93.79000091552734,90.44799041748047,2013600
2017-12-18,92.83999633789062,92.94999694824219,91.76000213623047,92.4000015258789,89.1075210571289,1880300
2017-12-15,90.97000122070312,94.05999755859375,90.77999877929688,93.16999816894531,89.85009002685547,4153400
2017-12-14,88.3499984741211,90.80000305175781,88.20999908447266,89.30999755859375,86.12761688232422,2920700
2017-12-13,87.54000091552734,89.23999786376953,87.36000061035156,88.4800033569336,85.32720184326172,1391600
2017-12-12,87.37000274658203,87.87000274658203,86.79000091552734,87.81999969482422,84.69071960449219,1398000
2017-12-11,87.05000305175781,87.5,86.29000091552734,86.7699966430664,83.67813873291016,1345800
2017-12-08,86.05999755859375,86.83000183105469,85.01000213623047,86.69999694824219,83.61063385009766,1734100
2017-12-07,86.2699966430664,86.83999633789062,85.43000030517578,85.93000030517578,82.8680648803711,1763700
2017-12-06,86.19999694824219,86.79000091552734,85.37000274658203,85.98999786376953,82.92593383789062,1524800
2017-12-05,87.48999786376953,87.55999755859375,85.06999969482422,85.88999938964844,82.8294906616211,1906100
2017-12-04,85.7300033569336,88.19999694824219,85.44000244140625,87.41999816894531,84.30497741699219,2131900
2017-12-01,83.9800033569336,85.25,81.20999908447266,84.94999694824219,81.92298126220703,3188400
2017-11-30,85.0,86.0999984741211,83.88999938964844,84.81999969482422,81.79762268066406,1808300
2017-11-29,83.55999755859375,85.62999725341797,83.05000305175781,84.66000366210938,81.64331817626953,2380900
2017-11-28,81.4000015258789,83.19000244140625,80.6500015258789,83.1500015258789,80.18711853027344,1549800
2017-11-27,81.06999969482422,81.77999877929688,80.6500015258789,81.12000274658203,78.22946166992188,1181100
2017-11-24,81.9000015258789,81.9800033569336,80.22000122070312,81.2300033569336,78.3355484008789,701800
2017-11-22,79.9800033569336,81.98999786376953,79.58000183105469,81.4000015258789,78.49948120117188,1927000
2017-11-21,77.83000183105469,79.56999969482422,77.56999969482422,79.45999908447266,76.62860870361328,1598700
2017-11-20,78.30000305175781,78.76000213623047,76.4800033569336,77.45999908447266,74.69987487792969,1688200
2017-11-17,79.6500015258789,80.02999877929688,77.58000183105469,78.83999633789062,76.03070068359375,2196700
2017-11-16,77.72000122070312,80.70999908447266,77.41000366210938,80.30999755859375,77.08186340332031,2986800
2017-11-15,75.31999969482422,77.66000366210938,74.5999984741211,77.52999877929688,74.41360473632812,2731000
2017-11-14,75.0999984741211,75.4800033569336,74.44999694824219,75.4000015258789,72.36922454833984,1863300
2017-11-13,74.69000244140625,77.0,74.30999755859375,75.4000015258789,72.36922454833984,2892600
2017-11-10,75.05000305175781,76.68000030517578,74.05000305175781,75.0,71.98529815673828,3005700
2017-11-09,75.06999969482422,76.62999725341797,74.9000015258789,75.2699966430664,72.24445343017578,2576800
2017-11-08,74.87000274658203,75.41000366210938,73.3499984741211,75.01000213623047,71.99491119384766,1710100
2017-11-07,74.91999816894531,75.7300033569336,74.55999755859375,74.91000366210938,71.89893341064453,1776800
2017-11-06,74.80000305175781,75.19999694824219,73.19000244140625,74.86000061035156,71.85093688964844,3478300
2017-11-03,73.33999633789062,75.30000305175781,73.31999969482422,74.80000305175781,71.79335021972656,2726000
2017-11-02,77.0199966430664,78.93000030517578,71.9000015258789,73.2300033569336,70.28645324707031,3840200
2017-11-01,77.4800033569336,77.5,76.30999755859375,76.62000274658203,73.5401840209961,2545700
2017-10-31,76.8499984741211,78.98999786376953,75.45999908447266,76.94999694824219,73.85691833496094,3132800
2017-10-30,76.01000213623047,77.77999877929688,76.01000213623047,76.93000030517578,73.83772277832031,2164900
2017-10-27,78.58999633789062,78.7699966430664,75.66000366210938,76.37999725341797,73.30982208251953,4690500
2017-10-26,83.97000122070312,85.80000305175781,77.47000122070312,78.7699966430664,75.603759765625,4756200
2017-10-25,82.0,82.5199966430664,81.41000366210938,82.22000122070312,78.91508483886719,1428600
2017-10-24,82.69000244140625,82.9800033569336,80.63999938964844,81.8499984741211,78.55996704101562,1166000
2017-10-23,83.16999816894531,83.43000030517578,81.7699966430664,82.52999877929688,79.21263885498047,1115700
2017-10-20,82.56999969482422,83.7699966430664,82.3499984741211,83.20999908447266,79.86530303955078,1296800
2017-10-19,80.81999969482422,82.55000305175781,80.73999786376953,82.19999694824219,78.89588165283203,1436400
2017-10-18,80.12999725341797,81.66000366210938,80.12999725341797,80.48999786376953,77.25462341308594,1699300
2017-10-17,78.88999938964844,80.5199966430664,78.4000015258789,79.94999694824219,76.73634338378906,1043900
2017-10-16,79.0199966430664,81.04000091552734,78.4000015258789,79.0,75.82452392578125,2545500
2017-10-13,80.41999816894531,81.41000366210938,77.7699966430664,79.44000244140625,76.24683380126953,2469300
2017-10-12,80.37000274658203,81.30000305175781,80.37000274658203,80.80000305175781,77.55216979980469,1195300
2017-10-11,79.44999694824219,80.5,79.25,80.31999969482422,77.0914535522461,1004600
2017-10-10,79.48999786376953,80.4000015258789,79.01000213623047,79.55000305175781,76.35240936279297,1620300
2017-10-09,80.20999908447266,80.48999786376953,77.87000274658203,78.3499984741211,75.20065307617188,2644100
2017-10-06,84.2300033569336,84.5,80.04000091552734,80.4800033569336,77.24503326416016,2919900
2017-10-05,84.16000366210938,85.29000091552734,83.83000183105469,84.12000274658203,80.73873138427734,2136200
2017-10-04,82.76000213623047,84.13999938964844,82.55999755859375,82.73999786376953,79.41417694091797,2206900
2017-10-03,83.33000183105469,83.7300033569336,82.5199966430664,82.87999725341797,79.5485610961914,1141700
2017-10-02,82.97000122070312,83.62999725341797,82.37999725341797,83.30000305175781,79.9516830444336,1933000
2017-09-29,81.70999908447266,83.83999633789062,81.41999816894531,82.75,79.42377471923828,1629400
2017-09-28,81.8499984741211,81.87999725341797,80.2699966430664,80.98999786376953,77.73453521728516,1120300
2017-09-27,82.16999816894531,82.80000305175781,81.0199966430664,82.43000030517578,79.11663818359375,960900
2017-09-26,81.41000366210938,82.6500015258789,81.33000183105469,82.0,78.70392608642578,1018500
2017-09-25,80.2300033569336,81.36000061035156,80.13999938964844,80.9800033569336,77.72493743896484,717100
2017-09-22,80.52999877929688,81.19999694824219,80.33000183105469,81.05000305175781,77.7921142578125,835900
2017-09-21,79.48999786376953,80.94000244140625,79.19999694824219,80.37999725341797,77.1490478515625,1035900
2017-09-20,79.47000122070312,80.08999633789062,78.33999633789062,79.5,76.3044204711914,1325000
2017-09-19,80.52999877929688,81.04000091552734,79.12999725341797,79.27999877929688,76.09326171875,1648500
2017-09-18,81.80000305175781,82.02999877929688,80.54000091552734,80.66999816894531,77.42738342285156,1350600
2017-09-15,80.47000122070312,81.7300033569336,80.0199966430664,81.5999984741211,78.32002258300781,2732300
2017-09-14,82.31999969482422,82.31999969482422,80.44000244140625,80.69000244140625,77.44659423828125,2872100
2017-09-13,83.76000213623047,84.33999633789062,83.05999755859375,84.31999969482422,80.93067932128906,1310900
2017-09-12,84.19000244140625,84.80999755859375,83.11000061035156,83.9000015258789,80.52755737304688,1809600
2017-09-11,83.33000183105469,84.55999755859375,82.88999938964844,84.38999938964844,80.99786376953125,1230800
2017-09-08,82.54000091552734,83.94000244140625,82.33000183105469,82.5,79.18383026123047,1936800
2017-09-07,80.81999969482422,83.02999877929688,80.6500015258789,82.55999755859375,79.24141693115234,1825300
2017-09-06,80.0,80.94000244140625,79.83999633789062,80.72000122070312,77.47537994384766,1308300
2017-09-05,79.80999755859375,80.77999877929688,79.05000305175781,79.69000244140625,76.4867935180664,1123800
2017-09-01,80.45999908447266,80.61000061035156,79.22000122070312,80.23999786376953,77.0146713256836,1248400
2017-08-31,78.6500015258789,80.5,78.45999908447266,80.25,77.0242691040039,1301200
2017-08-30,78.43000030517578,78.52999877929688,77.79000091552734,78.33000183105469,75.18145751953125,1267000
2017-08-29,78.16000366210938,79.08000183105469,77.83999633789062,78.55999755859375,75.4021987915039,1279600
2017-08-28,78.37999725341797,78.87999725341797,77.69000244140625,78.66000366210938,75.4981918334961,1210900
2017-08-25,78.38999938964844,78.94999694824219,77.97000122070312,78.0999984741211,74.960693359375,1154300
2017-08-24,78.33000183105469,78.9000015258789,77.86000061035156,78.4000015258789,75.2486343383789,1191100
2017-08-23,78.9800033569336,79.0,77.95999908447266,78.13999938964844,74.99908447265625,1455700
2017-08-22,78.23999786376953,79.45999908447266,78.08999633789062,79.2300033569336,76.04528045654297,1373000
2017-08-21,78.43000030517578,78.58999633789062,77.9000015258789,78.04000091552734,74.90310668945312,1455100
2017-08-18,79.69000244140625,79.88999938964844,78.45999908447266,78.5999984741211,75.44059753417969,2091900
2017-08-17,79.68000030517578,81.33999633789062,79.68000030517578,79.94000244140625,76.72673797607422,1727400
2017-08-16,80.29000091552734,80.58000183105469,79.52999877929688,80.02999877929688,76.4627914428711,1599800
2017-08-15,80.25,80.43000030517578,79.77999877929688,80.0,76.43412780761719,2126700
2017-08-14,80.30999755859375,80.52999877929688,79.66000366210938,80.08000183105469,76.51055908203125,2032900
2017-08-11,78.83000183105469,80.30999755859375,78.7300033569336,80.0199966430664,76.4532470703125,2214800
2017-08-10,79.43000030517578,80.02999877929688,78.12999725341797,78.87999725341797,75.36405181884766,2417100
2017-08-09,79.86000061035156,79.94999694824219,78.5999984741211,79.80000305175781,76.24304962158203,2620100
2017-08-08,80.91000366210938,82.33999633789062,80.12999725341797,80.33000183105469,76.74940490722656,1742000
2017-08-07,80.80000305175781,81.02999877929688,79.23999786376953,80.58000183105469,76.98827362060547,2287100
2017-08-04,81.70999908447266,81.97000122070312,79.58000183105469,80.83000183105469,77.22712707519531,2882900
2017-08-03,84.11000061035156,85.33000183105469,80.51000213623047,81.70999908447266,78.06792449951172,7434700
2017-08-02,92.19000244140625,92.19000244140625,89.08999633789062,91.2699966430664,87.2017822265625,2300500
2017-08-01,94.11000061035156,94.16999816894531,92.66000366210938,92.9800033569336,88.83556365966797,1256100
2017-07-31,94.30000305175781,94.41999816894531,93.25,93.81999969482422,89.63812255859375,1062100
2017-07-28,93.0,94.16999816894531,92.37999725341797,93.97000122070312,89.78144073486328,869200
2017-07-27,93.48999786376953,93.66999816894531,91.86000061035156,92.77999877929688,88.64448547363281,1493300
2017-07-26,94.2699966430664,94.7300033569336,93.41000366210938,94.20999908447266,90.01073455810547,1366100
2017-07-25,93.4000015258789,95.11000061035156,92.5999984741211,94.6500015258789,90.43113708496094,1413500
2017-07-24,91.63999938964844,93.66000366210938,91.33999633789062,93.12999725341797,88.97888946533203,1273700
2017-07-21,91.81999969482422,92.08000183105469,91.44000244140625,91.62000274658203,87.53619384765625,604400
2017-07-20,91.19999694824219,92.3499984741211,90.62000274658203,91.94999694824219,87.85147857666016,1136400
2017-07-19,91.55999755859375,91.66999816894531,90.30000305175781,91.16999816894531,87.10623168945312,1331600
2017-07-18,92.68000030517578,92.68000030517578,90.97000122070312,91.37000274658203,87.29733276367188,1299300
2017-07-17,93.05000305175781,93.37000274658203,92.55000305175781,92.70999908447266,88.5776138305664,1017700
2017-07-14,93.05999755859375,93.41999816894531,92.52999877929688,92.95999908447266,88.81645965576172,859000
2017-07-13,93.55000305175781,93.79000091552734,92.31999969482422,92.86000061035156,88.72091674804688,788800
2017-07-12,92.83999633789062,93.69999694824219,92.61000061035156,93.20999908447266,89.05531311035156,655100
2017-07-11,92.6500015258789,92.6500015258789,91.1500015258789,92.18000030517578,88.07122802734375,911500
2017-07-10,93.6500015258789,94.54000091552734,92.27999877929688,92.48999786376953,88.3674087524414,1255300
2017-07-07,93.04000091552734,94.26000213623047,92.73999786376953,93.91000366210938,89.72411346435547,1158700
2017-07-06,94.69000244140625,95.19000244140625,92.23999786376953,92.51000213623047,88.38651275634766,951100
2017-07-05,94.91000366210938,95.68000030517578,94.25,95.22000122070312,90.97572326660156,908900
2017-07-03,94.86000061035156,95.36000061035156,94.4000015258789,94.69999694824219,90.4789047241211,527400
2017-06-30,94.94000244140625,95.2300033569336,93.3499984741211,94.52999877929688,90.31647491455078,1236100
2017-06-29,96.68000030517578,97.8499984741211,95.38999938964844,95.76000213623047,91.49166107177734,1053300
2017-06-28,96.16999816894531,97.11000061035156,96.06999969482422,96.37999725341797,92.0840072631836,897600
2017-06-27,95.91999816894531,96.69999694824219,95.0999984741211,95.52999877929688,91.27189636230469,1253100
2017-06-26,96.19999694824219,96.72000122070312,95.62999725341797,95.98999786376953,91.7114028930664,1171100
2017-06-23,96.5,96.80999755859375,95.30000305175781,95.81999969482422,91.54898834228516,1624100
2017-06-22,95.69999694824219,97.66999816894531,95.5,96.37000274658203,92.07445526123047,1730000
2017-06-21,93.33999633789062,95.6500015258789,92.94999694824219,95.62000274658203,91.35789489746094,1092700
2017-06-20,93.75,93.9000015258789,92.80999755859375,93.25,89.0935287475586,1089100
2017-06-19,92.61000061035156,94.0199966430664,91.76000213623047,93.75,89.57124328613281,1072900
2017-06-16,94.54000091552734,94.55999755859375,91.73999786376953,92.52999877929688,88.40562438964844,1880600
2017-06-15,93.5,95.18000030517578,92.75,94.43000030517578,90.22093963623047,1733300
2017-06-14,93.0,94.58999633789062,92.9000015258789,93.9000015258789,89.71456909179688,901900
2017-06-13,92.51000213623047,93.0,92.02999877929688,93.0,88.85466766357422,636400
2017-06-12,91.88999938964844,92.62999725341797,91.88999938964844,92.36000061035156,88.24320220947266,816500
2017-06-09,91.27999877929688,92.30999755859375,91.02999877929688,92.0999984741211,87.99480438232422,1157100
2017-06-08,91.93000030517578,92.19000244140625,91.20999908447266,91.56999969482422,87.48841094970703,1113600
2017-06-07,91.94999694824219,92.2300033569336,91.44999694824219,91.93000030517578,87.83235931396484,1182800
2017-06-06,93.19000244140625,93.19999694824219,91.45999908447266,91.69000244140625,87.60306549072266,1377400
2017-06-05,93.19999694824219,93.56999969482422,92.51000213623047,93.31999969482422,89.16040802001953,1050800
2017-06-02,93.5,93.83999633789062,92.70999908447266,93.58000183105469,89.40882110595703,1285000
2017-06-01,91.70999908447266,93.30000305175781,91.44000244140625,93.13999938964844,88.98843383789062,1326900
2017-05-31,91.33000183105469,91.79000091552734,90.75,91.7699966430664,87.67950439453125,1870200
2017-05-30,90.66000366210938,91.38999938964844,90.52999877929688,91.02999877929688,86.97248840332031,1248400
2017-05-26,91.19000244140625,91.5,90.91000366210938,91.0,86.94380950927734,891900
2017-05-25,90.0,91.43000030517578,89.83000183105469,91.11000061035156,87.04891967773438,1047100
2017-05-24,89.37999725341797,90.31999969482422,88.55000305175781,89.97000122070312,85.95973205566406,1260500
2017-05-23,89.7300033569336,89.8499984741211,89.02999877929688,89.19000244140625,85.21450805664062,1709800
2017-05-22,89.0,90.19999694824219,89.0,89.4800033569336,85.49156188964844,1343300
2017-05-19,87.62000274658203,89.79000091552734,87.05000305175781,89.16000366210938,85.18584442138672,1812800
2017-05-18,86.26000213623047,87.66000366210938,86.12000274658203,86.69000244140625,82.82593536376953,1152100
2017-05-17,89.12000274658203,89.12000274658203,86.12999725341797,86.27999877929688,82.08547973632812,1797000
2017-05-16,89.83999633789062,89.83999633789062,88.56999969482422,89.12000274658203,84.78741455078125,1273200
2017-05-15,88.48999786376953,90.98999786376953,88.47000122070312,89.91999816894531,85.54851531982422,2107500
2017-05-12,88.61000061035156,88.97000122070312,88.44000244140625,88.75,84.43539428710938,1202100
2017-05-11,87.83999633789062,88.94000244140625,87.80000305175781,88.86000061035156,84.5400390625,2145800
2017-05-10,87.56999969482422,88.70999908447266,87.55999755859375,88.13999938964844,83.85505676269531,1297300
2017-05-09,86.69999694824219,88.20999908447266,86.66999816894531,87.54000091552734,83.28421783447266,1923600
2017-05-08,86.20999908447266,86.9800033569336,86.0199966430664,86.58999633789062,82.38040924072266,1791300
2017-05-05,86.66000366210938,86.97000122070312,85.54000091552734,85.88999938964844,81.71443939208984,1707300
2017-05-04,83.5,87.97000122070312,83.5,86.52999877929688,82.32331848144531,3767600
2017-05-03,82.44999694824219,83.11000061035156,81.5999984741211,82.66999816894531,78.6509780883789,2920300
2017-05-02,82.76000213623047,82.91999816894531,81.06999969482422,82.66000366210938,78.64146423339844,1825600
2017-05-01,82.31999969482422,83.01000213623047,81.86000061035156,82.48999786376953,78.47972106933594,1708800
2017-04-28,82.16999816894531,82.4000015258789,81.61000061035156,82.05000305175781,78.06111907958984,1476200
2017-04-27,81.37999725341797,82.19000244140625,81.30000305175781,82.12000274658203,78.1277084350586,1671200
2017-04-26,81.5,82.16999816894531,81.19999694824219,81.25,77.30001068115234,1219400
2017-04-25,80.81999969482422,81.56999969482422,79.4000015258789,81.48999786376953,77.52833557128906,1988100
2017-04-24,82.02999877929688,82.11000061035156,80.80999755859375,80.94000244140625,77.00508117675781,2300100
2017-04-21,82.19999694824219,82.29000091552734,81.11000061035156,81.26000213623047,77.30953216552734,1138900
2017-04-20,82.2300033569336,82.93000030517578,81.62000274658203,82.37000274658203,78.36556243896484,2058600
2017-04-19,82.63999938964844,83.08999633789062,81.62000274658203,81.8499984741211,77.87084197998047,1904900
2017-04-18,83.16999816894531,83.44000244140625,81.12999725341797,82.55999755859375,78.54632568359375,4384100
2017-04-17,86.63999938964844,86.72000122070312,86.20999908447266,86.63999938964844,82.42797088623047,1284400
2017-04-13,86.63999938964844,87.29000091552734,86.36000061035156,86.66999816894531,82.4565200805664,787500
2017-04-12,87.1500015258789,87.58999633789062,86.13999938964844,86.81999969482422,82.59922790527344,1887700
2017-04-11,88.27999877929688,88.3499984741211,86.81999969482422,87.87000274658203,83.59818267822266,1449600
2017-04-10,87.75,89.25,87.58999633789062,88.44000244140625,84.14047241210938,1007800
2017-04-07,87.56999969482422,88.06999969482422,87.29000091552734,87.62000274658203,83.36033630371094,933400
2017-04-06,87.26000213623047,87.69000244140625,86.8499984741211,87.63999938964844,83.37935638427734,1586000
2017-04-05,87.44000244140625,88.26000213623047,86.98999786376953,87.18000030517578,82.94171905517578,1187100
2017-04-04,87.05999755859375,87.98999786376953,86.70999908447266,86.93000030517578,82.703857421875,1372300
2017-04-03,88.41000366210938,88.62999725341797,86.80000305175781,87.33000183105469,83.08443450927734,1379300
2017-03-31,88.87000274658203,89.6500015258789,88.47000122070312,88.5,84.19754791259766,1793100
2017-03-30,89.3499984741211,89.87999725341797,89.02999877929688,89.13999938964844,84.80644226074219,1395000
2017-03-29,87.4000015258789,89.7699966430664,87.4000015258789,89.51000213623047,85.158447265625,2280700
2017-03-28,87.12000274658203,87.97000122070312,87.12000274658203,87.5,83.24617004394531,1199900
2017-03-27,86.13999938964844,87.55000305175781,86.12000274658203,87.4800033569336,83.22713470458984,1558600
2017-03-24,85.98999786376953,86.83000183105469,85.72000122070312,86.55999755859375,82.35186004638672,1241000
2017-03-23,85.86000061035156,86.75,85.79000091552734,85.98999786376953,81.80958557128906,1440200
2017-03-22,86.12000274658203,86.27999877929688,85.22000122070312,85.87999725341797,81.70492553710938,1189700
2017-03-21,87.0,87.29000091552734,85.7699966430664,85.91000366210938,81.73346710205078,1988800
2017-03-20,87.6500015258789,87.88999938964844,86.25,86.91000366210938,82.68485260009766,1618700
2017-03-17,87.91000366210938,88.33000183105469,86.87999725341797,87.52999877929688,83.27470397949219,2296100
2017-03-16,89.58000183105469,89.76000213623047,87.88999938964844,88.0,83.72186279296875,1520000
2017-03-15,88.8499984741211,89.56999969482422,88.13999938964844,89.4800033569336,85.12989044189453,1800400
2017-03-14,88.95999908447266,89.19999694824219,88.04000091552734,88.80999755859375,84.49247741699219,1243500
2017-03-13,88.76000213623047,89.25,88.22000122070312,89.13999938964844,84.80644226074219,1673900
2017-03-10,88.98999786376953,89.0,87.76000213623047,88.30999755859375,84.01678466796875,1545600
2017-03-09,89.4000015258789,89.4000015258789,88.08000183105469,88.61000061035156,84.30219268798828,1125700
2017-03-08,88.31999969482422,89.97000122070312,88.31999969482422,89.08000183105469,84.74935913085938,1847600
2017-03-07,89.2300033569336,89.80000305175781,87.91999816894531,88.4800033569336,84.17852783203125,2612100
2017-03-06,91.58000183105469,91.87000274658203,89.73999786376953,89.98999786376953,85.6151123046875,1808000
2017-03-03,92.22000122070312,92.66999816894531,91.47000122070312,92.2300033569336,87.7462158203125,1405300
2017-03-02,91.88999938964844,92.7300033569336,91.44999694824219,91.94000244140625,87.4703140258789,1438400
2017-03-01,92.19000244140625,92.80999755859375,91.69000244140625,92.2300033569336,87.7462158203125,1393700
2017-02-28,91.9000015258789,91.93000030517578,90.9800033569336,91.51000213623047,87.06121826171875,1915500
2017-02-27,92.30999755859375,92.73999786376953,91.30000305175781,91.7300033569336,87.27052307128906,1139600
2017-02-24,91.51000213623047,92.16000366210938,90.52999877929688,92.16000366210938,87.67961120605469,1001700
2017-02-23,91.44999694824219,92.4000015258789,90.95999908447266,91.61000061035156,87.15635681152344,2169800
2017-02-22,91.19000244140625,92.19999694824219,91.01000213623047,91.33999633789062,86.89949035644531,1152900
2017-02-21,90.73999786376953,91.1500015258789,89.55999755859375,91.01000213623047,86.58554077148438,2061200
2017-02-17,90.23999786376953,90.87999725341797,89.72000122070312,90.76000213623047,86.3476791381836,1441200
2017-02-16,91.0,91.54000091552734,89.0,90.31999969482422,85.92906951904297,2282900
2017-02-15,90.6500015258789,91.47000122070312,89.66000366210938,91.18000030517578,86.4000015258789,1944700
2017-02-14,90.0,91.08999633789062,89.7300033569336,90.81999969482422,86.05889129638672,2066300
2017-02-13,91.52999877929688,94.5,89.41999816894531,90.4800033569336,85.73670196533203,3037800
2017-02-10,91.54000091552734,91.75,90.2699966430664,91.16999816894531,86.39051055908203,1527300
2017-02-09,91.06999969482422,91.77999877929688,90.16000366210938,91.6500015258789,86.84537506103516,1630300
2017-02-08,90.18000030517578,91.11000061035156,89.68000030517578,91.06999969482422,86.29578399658203,1469800
2017-02-07,89.8499984741211,91.63999938964844,89.70999908447266,90.33000183105469,85.59455871582031,2108500
2017-02-06,89.16999816894531,91.6500015258789,88.93000030517578,89.9800033569336,85.26292419433594,2869800
2017-02-03,88.56999969482422,89.61000061035156,87.73999786376953,89.27999877929688,84.59961700439453,2990300
2017-02-02,88.05000305175781,88.77999877929688,86.56999969482422,88.05000305175781,83.43408203125,3836300
2017-02-01,87.70999908447266,88.69999694824219,86.08999633789062,88.61000061035156,83.96472930908203,3362000
2017-01-31,86.62000274658203,87.83999633789062,83.0,87.27999877929688,82.70446014404297,5827300
2017-01-30,82.55000305175781,83.75,80.81999969482422,83.62000274658203,79.236328125,2650000
2017-01-27,83.68000030517578,83.68000030517578,82.06999969482422,82.43000030517578,78.10871124267578,1865400
2017-01-26,81.04000091552734,85.19999694824219,81.04000091552734,83.38999938964844,79.01839447021484,3482900
2017-01-25,84.9000015258789,85.91999816894531,84.58000183105469,85.83000183105469,81.3304672241211,1858200
2017-01-24,84.69999694824219,85.19000244140625,84.05999755859375,84.41000366210938,79.98490905761719,1513500
2017-01-23,83.72000122070312,85.0999984741211,83.30999755859375,84.87999725341797,80.43028259277344,1420100
2017-01-20,85.86000061035156,86.2699966430664,83.20999908447266,83.75,79.35950469970703,3780100
2017-01-19,85.27999877929688,85.77999877929688,84.81999969482422,85.47000122070312,80.98934173583984,1574500
2017-01-18,85.94999694824219,86.18000030517578,85.19000244140625,85.51000213623047,81.0272445678711,2094000
2017-01-17,84.91999816894531,86.47000122070312,84.08999633789062,85.98999786376953,81.48209381103516,2103000
2017-01-13,84.08000183105469,85.12000274658203,83.51000213623047,84.62000274658203,80.18391418457031,1397900
2017-01-12,82.27999877929688,84.94000244140625,81.94999694824219,83.86000061035156,79.46372985839844,2771200
2017-01-11,85.1500015258789,86.31999969482422,79.94000244140625,81.52999877929688,77.25589752197266,3994900
2017-01-10,85.0999984741211,86.13999938964844,84.30000305175781,84.83000183105469,80.3829116821289,1860900
2017-01-09,84.5999984741211,86.06999969482422,84.5999984741211,85.4800033569336,80.99882507324219,2081600
2017-01-06,83.52999877929688,85.77999877929688,83.52999877929688,84.80000305175781,80.35447692871094,2132000
2017-01-05,84.37999725341797,84.83000183105469,82.62000274658203,83.68000030517578,79.29318237304688,2136200
2017-01-04,82.5999984741211,85.13999938964844,82.47000122070312,84.66000366210938,80.2218017578125,2561900
2017-01-03,78.51000213623047,83.0999984741211,78.30999755859375,82.61000061035156,78.27928161621094,4134200
2016-12-30,79.3499984741211,79.48999786376953,77.95999908447266,78.19000244140625,74.09099578857422,1409000
2016-12-29,78.61000061035156,80.23999786376953,78.58999633789062,79.33999633789062,75.18070220947266,1014800
2016-12-28,78.86000061035156,79.22000122070312,78.20999908447266,78.3499984741211,74.24260711669922,862100
2016-12-27,78.41999816894531,79.2699966430664,78.30000305175781,78.81999969482422,74.68795776367188,655200
2016-12-23,78.04000091552734,78.93000030517578,77.88999938964844,78.55999755859375,74.44158935546875,596600
2016-12-22,78.95999908447266,78.95999908447266,77.33000183105469,77.80999755859375,73.73089599609375,1881800
2016-12-21,78.95999908447266,79.58000183105469,78.61000061035156,78.8499984741211,74.71640014648438,1355800
2016-12-20,78.69999694824219,80.05999755859375,78.55999755859375,79.30000305175781,75.1427993774414,2934200
2016-12-19,77.55000305175781,78.6500015258789,77.37999725341797,78.41999816894531,74.30892944335938,1816300
2016-12-16,76.94000244140625,77.58000183105469,76.5,77.37999725341797,73.32344818115234,3635100
2016-12-15,76.80000305175781,76.83000183105469,75.45999908447266,76.66999816894531,72.65068817138672,2174600
2016-12-14,78.94999694824219,79.4000015258789,76.58999633789062,77.05000305175781,73.0107650756836,2282100
2016-12-13,78.37999725341797,79.16999816894531,78.16999816894531,79.04000091552734,74.89642333984375,1329600
2016-12-12,78.37000274658203,78.97000122070312,77.27999877929688,78.06999969482422,73.97728729248047,1730300
2016-12-09,77.19000244140625,79.22000122070312,77.0199966430664,78.9000015258789,74.76376342773438,1790900
2016-12-08,76.23999786376953,77.63999938964844,75.68000030517578,76.87999725341797,72.84964752197266,2567200
2016-12-07,78.19000244140625,78.19000244140625,73.86000061035156,76.37999725341797,72.37586975097656,4493500
2016-12-06,79.9000015258789,80.0999984741211,78.54000091552734,78.87000274658203,74.73534393310547,2374800
2016-12-05,78.88999938964844,79.9800033569336,78.51000213623047,79.54000091552734,75.3702163696289,2611200
2016-12-02,78.1500015258789,79.58000183105469,77.66000366210938,78.80000305175781,74.66901397705078,1733300
2016-12-01,77.87999725341797,78.69999694824219,77.61000061035156,77.80000305175781,73.72142791748047,1505600
2016-11-30,77.72000122070312,78.91999816894531,77.44999694824219,77.98999786376953,73.90147399902344,5158900
2016-11-29,78.6500015258789,79.36000061035156,77.52999877929688,77.62999725341797,73.56034088134766,2493700
2016-11-28,78.61000061035156,79.58000183105469,77.80999755859375,79.05000305175781,74.9059066772461,2124600
2016-11-25,79.06999969482422,80.4800033569336,78.3499984741211,78.56999969482422,74.45105743408203,1159000
2016-11-23,78.06999969482422,78.9000015258789,77.76000213623047,78.69999694824219,74.57425689697266,1324600
2016-11-22,78.7699966430664,78.7699966430664,77.7699966430664,78.41000366210938,74.29947662353516,1910400
2016-11-21,78.62000274658203,79.33999633789062,77.83999633789062,78.44999694824219,74.33735656738281,2607500
2016-11-18,79.91000366210938,79.91000366210938,78.91000366210938,79.20999908447266,75.05751037597656,3644000
2016-11-17,78.19999694824219,80.25,77.70999908447266,80.16000366210938,75.95771789550781,3045700
2016-11-16,79.16000366210938,80.20999908447266,78.66000366210938,78.86000061035156,74.3800048828125,2962300
2016-11-15,81.5,81.66000366210938,78.83999633789062,79.52999877929688,75.01192474365234,4285600
2016-11-14,82.16000366210938,82.58000183105469,79.37999725341797,81.33000183105469,76.70967102050781,4404200
2016-11-11,79.41000366210938,79.8499984741211,77.23999786376953,78.91999816894531,74.43658447265625,5221500
2016-11-10,77.08999633789062,80.80000305175781,77.08999633789062,79.58999633789062,75.06852722167969,4612200
2016-11-09,72.9800033569336,76.1500015258789,71.75,75.61000061035156,71.31462860107422,5516300
2016-11-08,71.02999877929688,71.16000366210938,68.70999908447266,69.02999877929688,65.10843658447266,4787000
2016-11-07,71.5199966430664,72.33999633789062,70.98999786376953,71.93000030517578,67.84368133544922,3629500
2016-11-04,71.69000244140625,73.31999969482422,70.2699966430664,70.47000122070312,66.46662902832031,4999800
2016-11-03,75.87000274658203,77.47000122070312,71.20999908447266,72.31999969482422,68.21153259277344,7258600
2016-11-02,70.2699966430664,76.69000244140625,70.18000030517578,75.95999908447266,71.6447525024414,6161100
2016-11-01,69.8499984741211,71.18000030517578,69.6500015258789,69.79000091552734,65.82525634765625,4264200
2016-10-31,69.51000213623047,70.94000244140625,69.51000213623047,70.31999969482422,66.32515716552734,4437000
2016-10-28,69.12999725341797,71.41000366210938,68.37999725341797,69.13999938964844,65.2121810913086,9767100
2016-10-27,79.55999755859375,79.83999633789062,79.11000061035156,79.5,74.98363494873047,1595100
2016-10-26,80.01000213623047,80.23999786376953,79.0999984741211,79.37000274658203,74.86103057861328,2134600
2016-10-25,79.5999984741211,80.55999755859375,79.44999694824219,80.38999938964844,75.8230972290039,1688700
2016-10-24,80.33999633789062,80.87999725341797,79.94000244140625,80.04000091552734,75.49296569824219,1308300
2016-10-21,80.16000366210938,80.52999877929688,79.93000030517578,80.0199966430664,75.47410583496094,1210400
2016-10-20,80.27999877929688,81.7699966430664,80.2300033569336,80.73999786376953,76.15319061279297,2312900
2016-10-19,81.19999694824219,81.19999694824219,80.3499984741211,80.3499984741211,75.78536224365234,1645100
2016-10-18,80.45999908447266,81.23999786376953,80.16999816894531,81.08999633789062,76.4832992553711,1914200
2016-10-17,79.75,79.91000366210938,79.2300033569336,79.73999786376953,75.20999908447266,2186800
2016-10-14,80.48999786376953,80.87999725341797,79.79000091552734,79.79000091552734,75.25716400146484,1285800
2016-10-13,80.27999877929688,80.93000030517578,79.93000030517578,80.37999725341797,75.81364440917969,2494000
2016-10-12,79.69000244140625,81.05000305175781,79.41999816894531,80.61000061035156,76.03057861328125,2367600
2016-10-11,79.5999984741211,80.04000091552734,79.26000213623047,79.61000061035156,75.08739471435547,2409000
2016-10-10,79.06999969482422,80.01000213623047,78.77999877929688,79.63999938964844,75.11568450927734,1281800
2016-10-07,80.43000030517578,80.55000305175781,78.69999694824219,79.38999938964844,74.87987518310547,1837100
2016-10-06,79.58000183105469,80.29000091552734,78.9000015258789,80.13999938964844,75.58728790283203,2249100
2016-10-05,80.70999908447266,80.86000061035156,79.87999725341797,80.02999877929688,75.4835433959961,1745300
2016-10-04,81.26000213623047,81.72000122070312,80.25,80.52999877929688,75.95513153076172,1681000
2016-10-03,80.68000030517578,80.94000244140625,79.98999786376953,80.12000274658203,75.56843566894531,1562500
2016-09-30,81.29000091552734,81.63999938964844,79.33999633789062,80.77999877929688,76.19091796875,3001800
2016-09-29,82.91999816894531,83.27999877929688,81.25,81.25,76.63423919677734,1625300
2016-09-28,83.25,83.30000305175781,82.45999908447266,83.19999694824219,78.47344970703125,1310000
2016-09-27,82.75,83.73999786376953,82.45999908447266,83.25,78.5206069946289,1583500
2016-09-26,83.06999969482422,83.55999755859375,82.66999816894531,82.72000122070312,78.02070617675781,1340000
2016-09-23,83.55000305175781,83.77999877929688,82.97000122070312,83.33000183105469,78.59605407714844,1829200
2016-09-22,83.26000213623047,83.94999694824219,83.05000305175781,83.58999633789062,78.8412857055664,2270400
2016-09-21,82.19999694824219,83.1500015258789,81.79000091552734,83.0199966430664,78.30365753173828,2813200
2016-09-20,83.6500015258789,83.68000030517578,82.06999969482422,82.08000183105469,77.41706848144531,2484400
2016-09-19,83.91000366210938,84.95999908447266,83.06999969482422,83.26000213623047,78.530029296875,2335400
2016-09-16,83.95999908447266,84.38999938964844,83.01000213623047,84.11000061035156,79.33174133300781,3459900
2016-09-15,83.54000091552734,84.54000091552734,83.05999755859375,84.19999694824219,79.41663360595703,2435200
2016-09-14,85.37999725341797,85.4800033569336,83.41999816894531,83.8499984741211,79.08650970458984,5896200
2016-09-13,86.19999694824219,86.55000305175781,84.9800033569336,85.25,80.406982421875,2722600
2016-09-12,85.01000213623047,87.13999938964844,84.94999694824219,86.94999694824219,82.0103988647461,2380700
2016-09-09,86.62999725341797,86.81999969482422,85.22000122070312,85.30999755859375,80.46356964111328,2470500
2016-09-08,87.4000015258789,87.66999816894531,87.13999938964844,87.2699966430664,82.3122329711914,2195200
2016-09-07,87.5999984741211,88.44000244140625,87.44999694824219,87.75,82.76498413085938,1513600
2016-09-06,87.30000305175781,87.80000305175781,87.0,87.62999725341797,82.65177154541016,1652300
2016-09-02,87.55000305175781,87.87000274658203,87.25,87.44000244140625,82.47257995605469,1217400
2016-09-01,87.01000213623047,87.72000122070312,86.58000183105469,87.1500015258789,82.19905090332031,1331100
2016-08-31,86.12999725341797,87.08000183105469,85.7300033569336,86.97000122070312,82.02925109863281,2682000
2016-08-30,86.30999755859375,86.87000274658203,85.68000030517578,86.04000091552734,81.15210723876953,1736800
2016-08-29,85.81999969482422,86.44999694824219,85.30999755859375,86.30999755859375,81.4067611694336,1352400
2016-08-26,85.66999816894531,86.56999969482422,85.1500015258789,85.75,80.87857818603516,1872100
2016-08-25,88.1500015258789,88.26000213623047,85.38999938964844,85.51000213623047,80.65221405029297,3351500
2016-08-24,88.9000015258789,89.08999633789062,88.0999984741211,88.38999938964844,83.36860656738281,1338100
2016-08-23,89.13999938964844,89.2300033569336,88.83000183105469,88.98999786376953,83.93451690673828,638100
2016-08-22,88.80000305175781,88.93000030517578,88.47000122070312,88.75,83.70814514160156,1011800
2016-08-19,88.52999877929688,89.0,88.26000213623047,88.8499984741211,83.8024673461914,2089400
2016-08-18,88.54000091552734,88.98999786376953,88.11000061035156,88.97000122070312,83.91565704345703,1444700
2016-08-17,89.29000091552734,89.5199966430664,88.36000061035156,88.94000244140625,83.5666732788086,1496100
2016-08-16,88.98999786376953,90.12000274658203,88.98999786376953,89.45999908447266,84.05524444580078,1555400
2016-08-15,88.94999694824219,89.41000366210938,88.63999938964844,89.38999938964844,83.98948669433594,1797000
2016-08-12,89.13999938964844,89.19000244140625,88.33000183105469,88.91000366210938,83.53848266601562,1319300
2016-08-11,87.97000122070312,89.05000305175781,87.47000122070312,88.94999694824219,83.57606506347656,1669300
2016-08-10,88.79000091552734,88.83000183105469,87.66000366210938,87.9000015258789,82.58951568603516,1621800
2016-08-09,88.77999877929688,89.36000061035156,88.37000274658203,88.62000274658203,83.2659912109375,1491700
2016-08-08,89.70999908447266,89.70999908447266,88.47000122070312,88.66999816894531,83.31298065185547,1596300
2016-08-05,89.37000274658203,90.4800033569336,89.25,89.3499984741211,83.95189666748047,1527200
2016-08-04,89.70999908447266,89.80999755859375,88.44000244140625,88.9800033569336,83.60425567626953,1897400
2016-08-03,89.33999633789062,89.88999938964844,88.37000274658203,89.88999938964844,84.45927429199219,2565200
2016-08-02,88.63999938964844,90.54000091552734,87.58000183105469,89.43000030517578,84.02708435058594,5179200
2016-08-01,85.27999877929688,86.31999969482422,85.11000061035156,85.54000091552734,80.37207794189453,2930400
2016-07-29,84.33999633789062,85.37999725341797,84.12000274658203,85.19000244140625,80.04322814941406,1935900
2016-07-28,85.05000305175781,85.05999755859375,84.23999786376953,84.81999969482422,79.69558715820312,2434600
2016-07-27,85.70999908447266,85.80000305175781,84.66000366210938,85.41999816894531,80.25932312011719,1839800
2016-07-26,85.27999877929688,86.04000091552734,84.62000274658203,85.70999908447266,80.53180694580078,1646100
2016-07-25,85.9000015258789,85.93000030517578,85.01000213623047,85.41000366210938,80.24993896484375,1858200
2016-07-22,86.01000213623047,86.20999908447266,85.19000244140625,85.86000061035156,80.67274475097656,1331500
2016-07-21,86.37999725341797,86.9000015258789,85.52999877929688,85.80999755859375,80.62577056884766,1666600
2016-07-20,86.38999938964844,87.05000305175781,86.01000213623047,86.63999938964844,81.40563201904297,1248800
2016-07-19,85.76000213623047,86.1500015258789,85.0999984741211,85.91999816894531,80.72913360595703,1978400
2016-07-18,85.7300033569336,86.12000274658203,85.55000305175781,86.02999877929688,80.8324966430664,1113600
2016-07-15,86.26000213623047,86.5199966430664,84.91999816894531,85.55000305175781,80.38148498535156,2384000
2016-07-14,85.3499984741211,86.12000274658203,85.26000213623047,85.94999694824219,80.75730895996094,2035700
2016-07-13,84.52999877929688,85.3499984741211,84.33000183105469,84.93000030517578,79.7989501953125,2492100
2016-07-12,82.25,84.41000366210938,82.23999786376953,84.18000030517578,79.09424591064453,2838400
2016-07-11,81.97000122070312,82.5999984741211,81.8499984741211,82.18000030517578,77.21507263183594,1429300
2016-07-08,81.70999908447266,82.08000183105469,81.25,81.91999816894531,76.97078704833984,1597500
2016-07-07,81.08999633789062,81.52999877929688,80.52999877929688,80.98999786376953,76.09696960449219,2508900
2016-07-06,79.94000244140625,81.55000305175781,79.5999984741211,81.19000244140625,76.28489685058594,2457700
2016-07-05,79.86000061035156,80.69000244140625,79.38999938964844,80.36000061035156,75.50505065917969,2377200
2016-07-01,79.29000091552734,80.43000030517578,79.11000061035156,80.16000366210938,75.31713104248047,2763300
2016-06-30,77.61000061035156,79.33000183105469,77.43000030517578,79.31999969482422,74.52786254882812,3196300
2016-06-29,76.08000183105469,77.5,76.02999877929688,77.26000213623047,72.59232330322266,1926800
2016-06-28,74.31999969482422,75.44999694824219,74.05999755859375,75.31999969482422,70.76952362060547,2811300
2016-06-27,75.13999938964844,75.18000030517578,73.44000244140625,73.8499984741211,69.38833618164062,2212200
2016-06-24,75.08000183105469,75.8499984741211,75.04000091552734,75.44000244140625,70.88228607177734,4480600
2016-06-23,77.66000366210938,77.7699966430664,77.02999877929688,77.55000305175781,72.86479187011719,2647000
2016-06-22,76.56999969482422,77.4800033569336,76.06999969482422,77.12999725341797,72.47017669677734,1935200
2016-06-21,76.48999786376953,76.77999877929688,76.05000305175781,76.56999969482422,71.94401550292969,1277300
2016-06-20,76.25,77.22000122070312,76.12999725341797,76.37000274658203,71.75608825683594,2448100
2016-06-17,76.01000213623047,76.33000183105469,75.16000366210938,75.69999694824219,71.12657165527344,3057000
2016-06-16,75.66999816894531,76.25,75.05000305175781,76.0,71.408447265625,2111400
2016-06-15,75.94999694824219,76.7300033569336,75.87000274658203,76.12000274658203,71.52120208740234,2394900
2016-06-14,76.08000183105469,76.44999694824219,74.95999908447266,75.51000213623047,70.94804382324219,2961500
2016-06-13,76.44000244140625,77.18000030517578,76.20999908447266,76.41000366210938,71.7936782836914,2851100
2016-06-10,75.87000274658203,77.23999786376953,75.37000274658203,76.45999908447266,71.84064483642578,2818100
2016-06-09,76.22000122070312,76.41999816894531,75.9000015258789,76.16999816894531,71.56817626953125,3146200
2016-06-08,76.30999755859375,76.63999938964844,75.87000274658203,76.25,71.64334106445312,2048100
2016-06-07,76.38999938964844,76.54000091552734,75.91999816894531,76.22000122070312,71.61515045166016,1679100
2016-06-06,76.30000305175781,76.6500015258789,75.94999694824219,76.44999694824219,71.83124542236328,1492300
2016-06-03,76.69999694824219,77.0,76.2699966430664,76.54000091552734,71.91581726074219,1912200
2016-06-02,75.80999755859375,77.2300033569336,75.66000366210938,77.08000183105469,72.42320251464844,3043700
2016-06-01,74.76000213623047,75.94000244140625,74.58999633789062,75.63999938964844,71.07020568847656,2851500
2016-05-31,74.19999694824219,75.05000305175781,73.88999938964844,74.9800033569336,70.45008087158203,4431200
2016-05-27,73.77999877929688,74.11000061035156,73.62000274658203,74.02999877929688,69.5574722290039,1945900
2016-05-26,74.04000091552734,74.06999969482422,73.30999755859375,73.69000244140625,69.23800659179688,1460600
2016-05-25,74.58999633789062,74.75,73.87000274658203,74.04000091552734,69.5668716430664,1666400
2016-05-24,74.37000274658203,74.58999633789062,73.88999938964844,74.33999633789062,69.84872436523438,1949100
2016-05-23,75.0,75.05000305175781,73.91000366210938,73.94000244140625,69.47291564941406,1730500
2016-05-20,75.13999938964844,75.33000183105469,74.36000061035156,74.81999969482422,70.29973602294922,2544900
2016-05-19,74.45999908447266,75.30999755859375,74.33999633789062,75.05000305175781,70.5158462524414,3018700
2016-05-18,74.19999694824219,75.2699966430664,74.08000183105469,75.1500015258789,70.29036712646484,3243600
2016-05-17,74.4000015258789,75.05999755859375,74.05999755859375,74.52999877929688,69.71043395996094,2971400
2016-05-16,73.76000213623047,74.66999816894531,73.7300033569336,74.58999633789062,69.76654815673828,2991700
2016-05-13,74.70999908447266,75.06999969482422,73.54000091552734,73.66000366210938,68.89669799804688,2377500
2016-05-12,75.91999816894531,75.91999816894531,74.62999725341797,74.77999877929688,69.94425964355469,3469300
2016-05-11,76.4800033569336,76.81999969482422,75.5,75.76000213623047,70.86087036132812,3441100
2016-05-10,77.77999877929688,78.29000091552734,76.4000015258789,76.68000030517578,71.7214126586914,3683600
2016-05-09,76.43000030517578,78.4800033569336,76.2699966430664,77.37000274658203,72.36680603027344,3961400
2016-05-06,77.95999908447266,78.1500015258789,75.3499984741211,76.5199966430664,71.57174682617188,6821300
2016-05-05,77.94999694824219,79.68000030517578,76.81999969482422,78.0,72.95604705810547,11877900
2016-05-04,84.9800033569336,85.30000305175781,84.0,84.29000091552734,78.83929443359375,2256100
2016-05-03,84.93000030517578,86.06999969482422,84.43000030517578,85.4800033569336,79.95233917236328,1950900
2016-05-02,85.19000244140625,85.37000274658203,84.51000213623047,85.2300033569336,79.71852111816406,1621400
2016-04-29,86.12999725341797,86.48999786376953,84.37000274658203,85.0999984741211,79.59691619873047,3904800
2016-04-28,89.61000061035156,89.61000061035156,86.18000030517578,86.41999816894531,80.83153533935547,5342200
2016-04-27,91.31999969482422,91.6500015258789,90.29000091552734,90.63999938964844,84.77865600585938,1707700
2016-04-26,91.7300033569336,92.0,91.12999725341797,91.27999877929688,85.37728118896484,1126700
2016-04-25,91.75,91.98999786376953,90.9800033569336,91.51000213623047,85.5924072265625,2236900
2016-04-22,92.02999877929688,92.41999816894531,91.1500015258789,91.88999938964844,85.94782257080078,1940900
2016-04-21,91.62999725341797,92.4800033569336,91.5199966430664,91.83000183105469,85.89170837402344,2346000
2016-04-20,89.91999816894531,91.97000122070312,89.63999938964844,91.86000061035156,85.91978454589844,3145300
2016-04-19,89.41000366210938,90.23999786376953,89.22000122070312,89.48999786376953,83.70301055908203,2041500
2016-04-18,88.04000091552734,88.72000122070312,87.63999938964844,88.66000366210938,82.92671203613281,1746800
2016-04-15,86.5999984741211,87.87999725341797,86.48999786376953,87.83000183105469,82.15036010742188,2362400
2016-04-14,84.69999694824219,87.13999938964844,84.62999725341797,86.69999694824219,81.09344482421875,2126500
2016-04-13,85.33000183105469,85.77999877929688,84.6500015258789,85.16999816894531,79.66239166259766,1929400
2016-04-12,84.61000061035156,85.1500015258789,84.05000305175781,84.9000015258789,79.40984344482422,1735100
2016-04-11,85.16000366210938,85.54000091552734,84.36000061035156,84.44000244140625,78.97957611083984,1869800
2016-04-08,86.75,86.88999938964844,85.12000274658203,85.30999755859375,79.79332733154297,2483600
2016-04-07,87.30000305175781,88.0,86.5999984741211,86.66000366210938,81.05604553222656,2218700
2016-04-06,85.76000213623047,87.5999984741211,85.72000122070312,87.54000091552734,81.87911987304688,2816600
2016-04-05,86.37000274658203,87.01000213623047,85.58000183105469,85.69000244140625,80.14875793457031,2548800
2016-04-04,86.73999786376953,88.0999984741211,86.61000061035156,87.16000366210938,81.5237045288086,2271600
2016-04-01,86.61000061035156,86.8499984741211,86.0,86.51000213623047,80.91575622558594,2033000
2016-03-31,87.12999725341797,87.73999786376953,86.30000305175781,86.55000305175781,80.9531478881836,1716200
2016-03-30,86.5,87.44999694824219,86.41999816894531,87.08999633789062,81.4582290649414,1659900
2016-03-29,86.55000305175781,86.86000061035156,85.7300033569336,86.41999816894531,80.83153533935547,1413400
2016-03-28,87.04000091552734,87.4000015258789,85.70999908447266,86.4800033569336,80.88770294189453,1463800
2016-03-24,86.86000061035156,87.2300033569336,85.94999694824219,86.16999816894531,80.59771728515625,2449700
2016-03-23,87.5,87.83999633789062,87.08999633789062,87.2699966430664,81.6265869140625,1327800
2016-03-22,87.2699966430664,87.52999877929688,86.62000274658203,87.16000366210938,81.5237045288086,1687800
2016-03-21,87.58000183105469,87.83999633789062,86.80000305175781,87.12999725341797,81.4956283569336,1626400
2016-03-18,86.12000274658203,87.77999877929688,85.41000366210938,87.4800033569336,81.82300567626953,3676000
2016-03-17,87.06999969482422,87.47000122070312,85.7300033569336,85.87999725341797,80.32647705078125,3023200
2016-03-16,86.29000091552734,87.33999633789062,85.94000244140625,87.06999969482422,81.43951416015625,1399200
2016-03-15,87.5,88.12999725341797,86.11000061035156,86.30000305175781,80.71931457519531,2220400
2016-03-14,89.05999755859375,89.7699966430664,87.87999725341797,87.95999908447266,82.27195739746094,1453500
2016-03-11,87.0199966430664,89.63999938964844,86.55999755859375,89.55000305175781,83.75914764404297,3536400
2016-03-10,88.01000213623047,88.16000366210938,85.80999755859375,86.18000030517578,80.60706329345703,3419100
2016-03-09,87.79000091552734,88.01000213623047,87.37000274658203,87.56999969482422,81.90718841552734,1817700
2016-03-08,88.33000183105469,88.33999633789062,87.13999938964844,87.81999969482422,82.14102935791016,1834800
2016-03-07,87.36000061035156,88.25,87.19000244140625,88.0999984741211,82.40290069580078,1757300
2016-03-04,88.16999816894531,88.47000122070312,87.77999877929688,88.0,82.30939483642578,1666700
2016-03-03,87.62999725341797,88.33999633789062,87.12999725341797,88.22000122070312,82.51515197753906,1908000
2016-03-02,87.43000030517578,87.95999908447266,87.04000091552734,87.62999725341797,81.96330261230469,1628200
2016-03-01,86.80000305175781,87.7300033569336,86.47000122070312,87.43000030517578,81.7762451171875,1942000
2016-02-29,87.37000274658203,87.51000213623047,86.44000244140625,86.62000274658203,81.01863861083984,2595900
2016-02-26,87.8499984741211,88.56999969482422,87.47000122070312,87.54000091552734,81.87911987304688,1160700
2016-02-25,87.55000305175781,88.02999877929688,86.87999725341797,87.5999984741211,81.93524169921875,1264500
2016-02-24,86.5199966430664,87.27999877929688,85.80000305175781,87.08000183105469,81.44886016845703,2737300
2016-02-23,87.69000244140625,88.19000244140625,86.86000061035156,87.3499984741211,81.70140075683594,1675800
2016-02-22,86.86000061035156,87.88999938964844,86.83000183105469,87.69999694824219,82.02877044677734,2193800
2016-02-19,86.73999786376953,87.05000305175781,86.27999877929688,86.83999633789062,81.22439575195312,1653600
2016-02-18,87.02999877929688,87.48999786376953,86.58999633789062,86.69000244140625,81.0841064453125,2225800
2016-02-17,86.05999755859375,87.83000183105469,85.72000122070312,87.48999786376953,81.51436614990234,3574700
2016-02-16,86.11000061035156,86.2300033569336,85.0,85.61000061035156,79.76274871826172,2234400
2016-02-12,84.5999984741211,85.61000061035156,84.48999786376953,85.61000061035156,79.76274871826172,1880400
2016-02-11,84.25,85.08999633789062,84.19000244140625,84.55000305175781,78.775146484375,2758400
2016-02-10,85.44000244140625,86.3499984741211,85.22000122070312,85.5999984741211,79.7534408569336,2708300
2016-02-09,82.69000244140625,85.04000091552734,82.62000274658203,84.75,78.96150207519531,2809000
2016-02-08,83.88999938964844,84.23999786376953,82.72000122070312,83.62000274658203,77.90868377685547,4596600
2016-02-05,84.0,86.12999725341797,82.66000366210938,84.69999694824219,78.91488647460938,4853500
2016-02-04,80.51000213623047,87.97000122070312,80.5,84.4000015258789,78.63541412353516,8039400
2016-02-03,88.33999633789062,88.55000305175781,86.87000274658203,87.98999786376953,81.98019409179688,3997400
2016-02-02,88.5999984741211,89.88999938964844,87.94999694824219,88.13999938964844,82.11994934082031,2849600
2016-02-01,89.11000061035156,89.37999725341797,87.66000366210938,89.0,82.92120361328125,3036300
2016-01-29,87.55000305175781,89.5999984741211,87.27999877929688,89.55999755859375,83.44295501708984,3764800
2016-01-28,90.5,90.7300033569336,87.08999633789062,87.29000091552734,81.3280029296875,6053000
2016-01-27,91.29000091552734,91.5199966430664,89.7300033569336,90.18000030517578,84.02062225341797,2844500
2016-01-26,91.41000366210938,91.58999633789062,90.61000061035156,91.26000213623047,85.02686309814453,1327500
2016-01-25,91.98999786376953,92.2300033569336,91.05000305175781,91.2699966430664,85.0361557006836,2439400
2016-01-22,91.88999938964844,92.08000183105469,90.83999633789062,91.0,84.78459930419922,1985800
2016-01-21,90.9000015258789,91.83000183105469,89.79000091552734,90.56999969482422,84.38398742675781,2196700
2016-01-20,91.79000091552734,92.25,89.68000030517578,90.9000015258789,84.69143676757812,4490400
2016-01-19,93.29000091552734,93.33999633789062,91.58999633789062,92.54000091552734,86.21943664550781,3424200
2016-01-15,93.23999786376953,93.52999877929688,91.43000030517578,92.7699966430664,86.43372344970703,3212400
2016-01-14,92.79000091552734,94.23999786376953,92.41999816894531,93.72000122070312,87.31883239746094,2789400
2016-01-13,94.30999755859375,94.8499984741211,92.94000244140625,93.13999938964844,86.7784423828125,4002700
2016-01-12,94.44999694824219,95.51000213623047,93.77999877929688,94.18000030517578,87.7474136352539,3620400
2016-01-11,95.51000213623047,96.0,93.80999755859375,94.05999755859375,87.6356201171875,5985800
2016-01-08,99.16000366210938,99.51000213623047,97.80000305175781,97.95999908447266,91.26924133300781,1837100
2016-01-07,100.87000274658203,101.1500015258789,98.48999786376953,98.52999877929688,91.80030059814453,3658700
2016-01-06,101.45999908447266,102.63999938964844,101.30999755859375,101.77999877929688,94.82832336425781,2267300
2016-01-05,102.19999694824219,103.4000015258789,101.58999633789062,103.36000061035156,96.30040740966797,2049900
2016-01-04,102.30999755859375,102.63999938964844,101.29000091552734,101.87000274658203,94.91219329833984,2327000
2015-12-31,104.47000122070312,105.12000274658203,103.68000030517578,103.70999908447266,96.62651824951172,1107600
2015-12-30,104.94000244140625,105.80999755859375,104.79000091552734,105.0199966430664,97.8470230102539,1043900
2015-12-29,104.69000244140625,105.3499984741211,104.27999877929688,104.7699966430664,97.61409759521484,828300
2015-12-28,103.8499984741211,104.56999969482422,103.4800033569336,104.19000244140625,97.07373046875,804400
2015-12-24,103.70999908447266,104.19000244140625,103.5199966430664,103.94999694824219,96.85010528564453,435400
2015-12-23,103.1500015258789,104.23999786376953,102.80000305175781,103.94000244140625,96.84078216552734,1244500
2015-12-22,103.0,103.44000244140625,102.19999694824219,103.16000366210938,96.11407470703125,1087900
2015-12-21,102.16999816894531,102.91999816894531,101.61000061035156,102.88999938964844,95.86250305175781,1669300
2015-12-18,102.12999725341797,102.61000061035156,101.23999786376953,101.87999725341797,94.9214859008789,4466700
2015-12-17,101.69000244140625,102.88999938964844,101.44000244140625,102.33999633789062,95.35006713867188,2791700
2015-12-16,102.0999984741211,102.44000244140625,100.44000244140625,101.58999633789062,94.65129852294922,1993700
2015-12-15,103.0199966430664,103.48999786376953,101.33999633789062,101.69000244140625,94.74446868896484,2229700
2015-12-14,102.19999694824219,102.75,101.33000183105469,102.52999877929688,95.52708435058594,2361600
2015-12-11,101.48999786376953,102.80999755859375,101.29000091552734,102.08000183105469,95.10783386230469,2028300
2015-12-10,100.93000030517578,102.41999816894531,100.62000274658203,101.94999694824219,94.98672485351562,2678700
2015-12-09,99.52999877929688,101.01000213623047,99.37000274658203,100.66999816894531,93.79415130615234,3365700
2015-12-08,99.6500015258789,100.58000183105469,99.33000183105469,100.47000122070312,93.60779571533203,1716200
2015-12-07,99.91999816894531,100.4000015258789,99.33999633789062,99.9800033569336,93.15127563476562,1265100
2015-12-04,99.12000274658203,100.4000015258789,98.54000091552734,99.88999938964844,93.06739807128906,1697100
2015-12-03,99.01000213623047,99.20999908447266,98.02999877929688,98.70999908447266,91.96800231933594,2629000
2015-12-02,99.83000183105469,100.01000213623047,98.51000213623047,98.8499984741211,92.09843444824219,1468000
2015-12-01,98.83999633789062,99.83000183105469,98.80999755859375,99.5,92.70405578613281,1823400
2015-11-30,99.08000183105469,99.48999786376953,98.62999725341797,98.63999938964844,91.90279388427734,1579800
2015-11-27,99.0199966430664,99.69999694824219,98.47000122070312,98.98999786376953,92.22888946533203,775400
2015-11-25,99.0,99.22000122070312,97.83000183105469,98.93000030517578,92.17298889160156,2090700
2015-11-24,98.16000366210938,98.62000274658203,97.75,98.5,91.77234649658203,1628200
2015-11-23,99.0,99.0,98.47000122070312,98.7300033569336,91.98664855957031,1062400
2015-11-20,99.5999984741211,99.91999816894531,98.63999938964844,99.0999984741211,92.33137512207031,2299700
2015-11-19,100.33000183105469,100.86000061035156,99.04000091552734,99.19000244140625,92.41522216796875,2044100
2015-11-18,99.06999969482422,100.44000244140625,98.87000274658203,100.30999755859375,93.45873260498047,1988700
2015-11-17,97.7300033569336,99.52999877929688,97.33000183105469,99.16999816894531,92.39661407470703,2315600
2015-11-16,96.86000061035156,98.06999969482422,96.54000091552734,97.30000305175781,90.6543197631836,1829000
2015-11-13,96.58999633789062,97.62999725341797,96.22000122070312,96.58999633789062,89.99279022216797,1728200
2015-11-12,96.29000091552734,98.37999725341797,96.29000091552734,96.91000366210938,90.29096221923828,1914300
2015-11-11,99.41000366210938,99.63999938964844,98.1500015258789,98.23999786376953,91.21332550048828,1512500
2015-11-10,97.5,99.05000305175781,97.18000030517578,98.87000274658203,91.79826354980469,1815300
2015-11-09,97.33000183105469,97.91000366210938,96.37999725341797,97.4000015258789,90.43340301513672,1699100
2015-11-06,98.01000213623047,98.70999908447266,96.52999877929688,97.61000061035156,90.62840270996094,1601400
2015-11-05,97.80000305175781,98.41000366210938,97.37999725341797,97.88999938964844,90.88838195800781,2012400
2015-11-04,97.66999816894531,97.94999694824219,96.69000244140625,97.47000122070312,90.4984130859375,1871000
2015-11-03,97.44000244140625,98.16999816894531,96.7699966430664,97.66999816894531,90.68411254882812,1670100
2015-11-02,97.51000213623047,98.05000305175781,96.55999755859375,97.83000183105469,90.8326644897461,2434200
2015-10-30,97.2699966430664,98.48999786376953,96.4000015258789,96.51000213623047,89.60708618164062,3115100
2015-10-29,97.2699966430664,97.54000091552734,93.0199966430664,96.81999969482422,89.8948974609375,5179700
2015-10-28,97.68000030517578,98.18000030517578,96.20999908447266,97.5,90.5262680053711,3478500
2015-10-27,93.93000030517578,102.63999938964844,92.98999786376953,97.54000091552734,90.56340789794922,9731300
2015-10-26,93.05999755859375,94.16000366210938,92.83999633789062,93.62999725341797,86.93306732177734,2502000
2015-10-23,93.6500015258789,94.29000091552734,92.4000015258789,93.12999725341797,86.46883392333984,2597000
2015-10-22,92.87999725341797,93.69000244140625,91.79000091552734,92.80000305175781,86.16242980957031,3423200
2015-10-21,93.44999694824219,93.83000183105469,91.69000244140625,92.70999908447266,86.0788803100586,2795500
2015-10-20,94.62000274658203,95.05000305175781,92.87000274658203,93.18000030517578,86.5152587890625,2668100
2015-10-19,94.97000122070312,95.54000091552734,94.16999816894531,94.79000091552734,88.01011657714844,1561100
2015-10-16,94.62000274658203,95.31999969482422,94.33999633789062,95.05999755859375,88.26079559326172,1680200
2015-10-15,93.16000366210938,94.30000305175781,92.11000061035156,94.06999969482422,87.34158325195312,2959600
2015-10-14,94.0,94.9800033569336,92.73999786376953,93.02999877929688,86.3759765625,2190400
2015-10-13,93.87999725341797,95.19000244140625,93.80000305175781,94.1500015258789,87.41587829589844,3040800
2015-10-12,93.0199966430664,93.75,92.80000305175781,93.72000122070312,87.0166244506836,1920500
2015-10-09,93.2300033569336,93.69000244140625,92.33000183105469,92.83999633789062,86.1995620727539,2815900
2015-10-08,93.05999755859375,93.87999725341797,91.7699966430664,93.54000091552734,86.84949493408203,2198700
2015-10-07,93.3499984741211,93.7300033569336,92.26000213623047,92.94000244140625,86.29242706298828,2645500
2015-10-06,95.47000122070312,95.9000015258789,92.2699966430664,93.02999877929688,86.3759765625,3778000
2015-10-05,95.33999633789062,95.83000183105469,94.01000213623047,94.98999786376953,88.19578552246094,2542000
2015-10-02,92.33999633789062,94.9800033569336,90.81999969482422,94.91000366210938,88.12150573730469,3488900
2015-10-01,94.98999786376953,95.11000061035156,93.19999694824219,94.51000213623047,87.7501220703125,3193100
2015-09-30,96.08000183105469,96.68000030517578,94.06999969482422,94.98999786376953,88.19578552246094,2381200
2015-09-29,96.19000244140625,96.80999755859375,94.41000366210938,95.05000305175781,88.25152587890625,2988500
2015-09-28,99.33999633789062,99.6500015258789,96.11000061035156,96.19000244140625,89.30996704101562,3379100
2015-09-25,102.38999938964844,102.47000122070312,99.38999938964844,99.83999633789062,92.69889068603516,1768400
2015-09-24,102.43000030517578,102.56999969482422,100.58999633789062,101.97000122070312,94.67655181884766,1616000
2015-09-23,103.19999694824219,103.66999816894531,102.27999877929688,102.81999969482422,95.46573638916016,2217800
2015-09-22,104.33999633789062,104.5,102.66000366210938,103.2699966430664,95.8835678100586,2487100
2015-09-21,106.58000183105469,107.36000061035156,104.76000213623047,105.27999877929688,97.74980163574219,1459700
2015-09-18,105.91000366210938,106.91999816894531,105.30000305175781,106.0999984741211,98.51114654541016,2222300
2015-09-17,106.44000244140625,108.18000030517578,105.62999725341797,106.77999877929688,99.14250946044922,1631800
2015-09-16,105.51000213623047,106.44999694824219,104.81999969482422,106.29000091552734,98.68755340576172,1538900
2015-09-15,104.72000122070312,105.80999755859375,104.20999908447266,105.55999755859375,98.00977325439453,1481600
2015-09-14,104.81999969482422,105.4800033569336,103.79000091552734,104.62000274658203,97.13700866699219,1762400
2015-09-11,101.87999725341797,104.4000015258789,101.81999969482422,104.33999633789062,96.87703704833984,1994700
2015-09-10,100.6500015258789,102.87999725341797,100.36000061035156,102.02999877929688,94.73226165771484,1782300
2015-09-09,101.13999938964844,103.45999908447266,100.55000305175781,100.75,93.5438003540039,1588400
2015-09-08,100.80000305175781,101.18000030517578,99.79000091552734,101.05000305175781,93.82234191894531,1844800
2015-09-04,100.66000366210938,101.4000015258789,98.36000061035156,98.98999786376953,91.90971374511719,2526600
2015-09-03,100.9000015258789,101.48999786376953,99.62000274658203,100.0,92.84744262695312,1580100
2015-09-02,101.7699966430664,101.7699966430664,99.0999984741211,100.27999877929688,93.10742950439453,1695600
2015-09-01,97.55000305175781,100.86000061035156,97.55000305175781,99.2699966430664,92.1696548461914,2533400
2015-08-31,100.87000274658203,101.83999633789062,95.61000061035156,100.04000091552734,92.88459014892578,1496300
2015-08-28,101.33999633789062,101.48999786376953,100.30999755859375,100.87000274658203,93.65524291992188,1693500
2015-08-27,101.47000122070312,101.79000091552734,99.4000015258789,101.1500015258789,93.91519927978516,4173800
2015-08-26,99.38999938964844,100.86000061035156,97.05000305175781,100.61000061035156,93.41382598876953,2741300
2015-08-25,100.62000274658203,100.87999725341797,97.31999969482422,97.41000366210938,90.44271850585938,2699900
2015-08-24,93.0,98.52999877929688,91.4800033569336,98.52999877929688,91.48258209228516,4569800
2015-08-21,102.4800033569336,103.48999786376953,101.33999633789062,101.80000305175781,94.51869201660156,2746200
2015-08-20,105.0999984741211,105.69999694824219,103.33999633789062,103.37000274658203,95.97640228271484,1792900
2015-08-19,104.5199966430664,107.0199966430664,103.8499984741211,106.13999938964844,98.54828643798828,2161900
2015-08-18,104.36000061035156,105.87000274658203,104.36000061035156,104.94999694824219,97.44340515136719,1091100
2015-08-17,103.75,104.68000030517578,102.79000091552734,104.62000274658203,97.13700866699219,987900
2015-08-14,103.9800033569336,104.19000244140625,103.41000366210938,103.94000244140625,96.50566101074219,1040600
2015-08-13,104.7300033569336,105.29000091552734,102.29000091552734,103.87999725341797,96.44993591308594,1667000
2015-08-12,104.19000244140625,105.83999633789062,102.44999694824219,104.37999725341797,96.6449203491211,1855300
2015-08-11,104.23999786376953,105.0,103.4800033569336,104.51000213623047,96.7652816772461,1647100
2015-08-10,105.04000091552734,106.26000213623047,104.44999694824219,104.6500015258789,96.8948974609375,1423000
2015-08-07,104.51000213623047,104.6500015258789,102.87999725341797,104.36000061035156,96.62640380859375,2696100
2015-08-06,107.37000274658203,107.8499984741211,104.55999755859375,104.75,96.98747253417969,1776200
2015-08-05,106.6500015258789,107.5,106.41999816894531,107.25,99.30224609375,1667800
2015-08-04,106.16000366210938,106.95999908447266,105.7699966430664,106.20999908447266,98.33930206298828,2189900
2015-08-03,105.75,106.6500015258789,105.13999938964844,105.81999969482422,97.97821807861328,1741500
2015-07-31,104.58000183105469,106.25,104.12999725341797,105.75,97.91338348388672,2718800
2015-07-30,107.48999786376953,107.48999786376953,104.30999755859375,104.47000122070312,96.72824096679688,3974200
2015-07-29,107.79000091552734,109.08000183105469,107.06999969482422,107.77999877929688,99.7929458618164,2402700
2015-07-28,107.80000305175781,108.22000122070312,106.7699966430664,108.0,99.99664306640625,1796600
2015-07-27,108.12999725341797,108.29000091552734,106.80000305175781,107.37000274658203,99.41333770751953,2690000
2015-07-24,109.7699966430664,110.13999938964844,108.44999694824219,108.7300033569336,100.67257690429688,2145300
2015-07-23,110.62000274658203,114.0199966430664,109.5199966430664,110.12000274658203,101.95954895019531,4172000
2015-07-22,114.01000213623047,115.41000366210938,113.87000274658203,114.94999694824219,106.431640625,2397200
2015-07-21,114.6500015258789,114.94000244140625,113.5,114.0999984741211,105.64459228515625,1466000
2015-07-20,113.2300033569336,115.0,113.18000030517578,114.76000213623047,106.25567626953125,1975900
2015-07-17,111.8499984741211,113.66000366210938,111.0999984741211,113.19999694824219,104.81131744384766,1931900
2015-07-16,111.0,111.93000030517578,109.93000030517578,111.87999725341797,103.5891342163086,1736300
2015-07-15,110.66999816894531,110.93000030517578,109.5,110.52999877929688,102.33917999267578,947200
2015-07-14,109.98999786376953,110.69000244140625,109.2300033569336,110.4000015258789,102.21881103515625,1505700
2015-07-13,110.5199966430664,110.6500015258789,109.36000061035156,110.06999969482422,101.91326141357422,1010200
2015-07-10,109.73999786376953,109.9800033569336,109.2699966430664,109.45999908447266,101.34845733642578,1170500
2015-07-09,108.97000122070312,109.1500015258789,108.08000183105469,108.86000061035156,100.79291534423828,2158700
2015-07-08,107.54000091552734,108.55999755859375,107.38999938964844,107.83000183105469,99.83927154541016,1174200
2015-07-07,108.73999786376953,108.79000091552734,107.01000213623047,108.62999725341797,100.5799560546875,1298500
2015-07-06,106.47000122070312,108.56999969482422,106.0,108.02999877929688,100.02442169189453,1634600
2015-07-02,107.70999908447266,108.31999969482422,107.02999877929688,107.0999984741211,99.16333770751953,1269000
2015-07-01,107.16999816894531,108.06999969482422,106.87000274658203,107.70999908447266,99.7281494140625,1896900
2015-06-30,106.30000305175781,107.30999755859375,106.1500015258789,106.33999633789062,98.45967102050781,1958600
2015-06-29,106.80999755859375,107.62000274658203,105.77999877929688,106.0999984741211,98.2374496459961,1730600
2015-06-26,108.06999969482422,108.55999755859375,107.31999969482422,107.83999633789062,99.8485107421875,1622900
2015-06-25,109.48999786376953,109.69999694824219,107.30999755859375,107.61000061035156,99.63553619384766,3239100
2015-06-24,111.5,111.5999984741211,109.56999969482422,109.5999984741211,101.47808837890625,1558200
2015-06-23,112.18000030517578,112.47000122070312,111.58000183105469,111.80999755859375,103.52432250976562,1035500
2015-06-22,112.58000183105469,113.19000244140625,111.6500015258789,111.79000091552734,103.50579071044922,902800
2015-06-19,111.72000122070312,112.30999755859375,111.33999633789062,111.47000122070312,103.20950317382812,4169800
2015-06-18,111.5,112.62999725341797,110.72000122070312,111.91999816894531,103.62617492675781,1329800
2015-06-17,111.37999725341797,112.12999725341797,110.87000274658203,111.51000213623047,103.24653625488281,1597600
2015-06-16,110.68000030517578,112.08999633789062,110.16999816894531,111.18000030517578,102.94100952148438,1671200
2015-06-15,109.7699966430664,112.33000183105469,109.0,110.62999725341797,102.4317626953125,2277600
2015-06-12,111.0,111.0,109.80999755859375,110.1500015258789,101.9873275756836,1163100
2015-06-11,108.91999816894531,111.13999938964844,108.80000305175781,110.41000366210938,102.22808074951172,1906300
2015-06-10,109.04000091552734,109.19000244140625,108.27999877929688,108.75,100.6910629272461,1980200
2015-06-09,110.73999786376953,110.73999786376953,108.61000061035156,109.12000274658203,101.03365325927734,1917900
2015-06-08,111.30999755859375,111.80999755859375,110.20999908447266,110.22000122070312,102.0521469116211,1335500
2015-06-05,111.20999908447266,111.6500015258789,110.25,111.5,103.23726654052734,1382000
2015-06-04,111.47000122070312,112.5999984741211,111.0999984741211,111.48999786376953,103.2280044555664,1562500
2015-06-03,112.3499984741211,113.16000366210938,112.19000244140625,112.37999725341797,104.05205535888672,1452800
2015-06-02,112.55000305175781,113.33999633789062,112.01000213623047,112.4800033569336,104.14464569091797,1403100
2015-06-01,112.80999755859375,113.76000213623047,111.83000183105469,113.26000213623047,104.86685943603516,1359500
2015-05-29,113.22000122070312,114.4000015258789,112.55999755859375,112.55999755859375,104.21871948242188,4702600
2015-05-28,113.1500015258789,114.05999755859375,112.93000030517578,113.0999984741211,104.71871185302734,1360800
2015-05-27,112.91000366210938,113.81999969482422,112.7699966430664,113.58999633789062,105.17239379882812,1250300
2015-05-26,113.87999725341797,114.44999694824219,112.80999755859375,113.0,104.62611389160156,1560000
2015-05-22,113.76000213623047,114.33999633789062,113.52999877929688,113.80000305175781,105.3668441772461,1498400
2015-05-21,114.5,114.80999755859375,113.87000274658203,113.94000244140625,105.49647521972656,2319300
2015-05-20,115.0999984741211,115.51000213623047,114.69999694824219,114.70999908447266,106.20940399169922,1885300
2015-05-19,113.54000091552734,115.58000183105469,113.41999816894531,115.11000061035156,106.57977294921875,1902400
2015-05-18,113.36000061035156,113.62000274658203,112.55999755859375,113.30999755859375,104.91315460205078,2804100
2015-05-15,114.86000061035156,115.06999969482422,113.75,114.18000030517578,105.71868133544922,1947800
2015-05-14,114.4000015258789,114.83999633789062,114.0,114.66000366210938,106.1631088256836,2416800
2015-05-13,115.47000122070312,115.8499984741211,114.16999816894531,114.30000305175781,105.56129455566406,1533400
2015-05-12,114.5,115.44999694824219,114.2699966430664,115.05000305175781,106.2539291381836,1988900
2015-05-11,115.13999938964844,115.80999755859375,114.75,114.91000366210938,106.12464141845703,1592300
2015-05-08,114.54000091552734,116.0,114.52999877929688,115.30000305175781,106.4848403930664,2486100
2015-05-07,114.27999877929688,115.06999969482422,113.79000091552734,114.06999969482422,105.34886932373047,1706800
2015-05-06,114.9000015258789,115.12999725341797,113.51000213623047,114.05999755859375,105.33961486816406,1703600
2015-05-05,115.62000274658203,115.75,114.4000015258789,114.69999694824219,105.93069458007812,1844000
2015-05-04,114.66999816894531,116.27999877929688,114.51000213623047,115.25,106.43864440917969,2195200
2015-05-01,115.12000274658203,115.31999969482422,113.83000183105469,114.61000061035156,105.84757232666016,2903800
2015-04-30,117.38999938964844,120.68000030517578,113.02999877929688,114.30000305175781,105.56129455566406,5198100
2015-04-29,113.69000244140625,113.98999786376953,112.12000274658203,112.44000244140625,103.8434829711914,2200100
2015-04-28,114.0,114.62000274658203,112.61000061035156,113.95999908447266,105.24727630615234,1339900
2015-04-27,115.87999725341797,115.87999725341797,113.8499984741211,114.11000061035156,105.38580322265625,1562800
2015-04-24,115.0999984741211,115.9800033569336,114.19000244140625,115.4800033569336,106.65106201171875,849200
2015-04-23,113.80999755859375,116.18000030517578,113.56999969482422,115.19999694824219,106.39248657226562,2152100
2015-04-22,113.8499984741211,114.41000366210938,113.37000274658203,113.80999755859375,105.10874938964844,1145300
2015-04-21,113.88999938964844,114.48999786376953,113.23999786376953,113.88999938964844,105.18263244628906,1176800
2015-04-20,112.95999908447266,113.55999755859375,112.88999938964844,113.19000244140625,104.53616333007812,1413000
2015-04-17,113.20999908447266,113.70999908447266,112.05000305175781,112.61000061035156,104.00048065185547,2296800
2015-04-16,113.41000366210938,114.05999755859375,112.52999877929688,113.83000183105469,105.12720489501953,1055600
2015-04-15,114.19999694824219,114.33000183105469,112.77999877929688,113.62000274658203,104.93326568603516,1328000
2015-04-14,114.33999633789062,114.44999694824219,112.69999694824219,114.0,105.28421020507812,1032000
2015-04-13,115.30999755859375,115.87999725341797,113.66000366210938,113.98999786376953,105.27497863769531,1826900
2015-04-10,113.4000015258789,115.55000305175781,113.22000122070312,115.3499984741211,106.53099822998047,1879600
2015-04-09,113.30999755859375,114.27999877929688,112.63999938964844,113.5,104.82245635986328,2425500
2015-04-08,112.7699966430664,113.5,112.43000030517578,113.23999786376953,104.58231353759766,2048900
2015-04-07,112.91000366210938,113.48999786376953,112.44999694824219,112.68000030517578,104.06513977050781,1189900
2015-04-06,111.98999786376953,113.12999725341797,111.79000091552734,112.54000091552734,103.93583679199219,1869200
2015-04-02,112.16000366210938,112.58999633789062,111.58000183105469,112.38999938964844,103.79731750488281,2049400
2015-04-01,113.93000030517578,113.93000030517578,111.41000366210938,112.02999877929688,103.46485900878906,2171900
2015-03-31,113.41999816894531,114.2699966430664,113.41999816894531,113.66999816894531,104.9794692993164,2254200
2015-03-30,113.69999694824219,114.0,113.37000274658203,113.48999786376953,104.81321716308594,2179900
2015-03-27,112.33000183105469,113.58000183105469,112.20999908447266,113.19000244140625,104.53616333007812,1881900
2015-03-26,111.5,113.05000305175781,110.54000091552734,112.08999633789062,103.520263671875,2411800
2015-03-25,113.9000015258789,114.5999984741211,111.80000305175781,112.13999938964844,103.56640625,2066900
2015-03-24,113.63999938964844,114.7300033569336,113.36000061035156,113.88999938964844,105.18263244628906,1913500
2015-03-23,113.73999786376953,114.52999877929688,113.12999725341797,113.63999938964844,104.95174407958984,1920900
2015-03-20,112.9800033569336,114.5,112.83999633789062,113.45999908447266,104.78550720214844,4380900
2015-03-19,111.87999725341797,112.5,111.06999969482422,112.37000274658203,103.77884674072266,1422200
2015-03-18,110.44999694824219,112.27999877929688,109.81999969482422,111.69999694824219,103.1600570678711,2044000
2015-03-17,109.94000244140625,110.70999908447266,109.2699966430664,110.36000061035156,101.92251586914062,1786700
2015-03-16,108.12999725341797,110.19999694824219,106.97000122070312,110.12999725341797,101.71009826660156,3548800
2015-03-13,105.26000213623047,106.37999725341797,105.12000274658203,106.1500015258789,98.03438568115234,1746900
2015-03-12,104.0,105.5199966430664,103.94999694824219,105.37999725341797,97.32325744628906,1448200
2015-03-11,103.4000015258789,104.0999984741211,102.94999694824219,103.83999633789062,95.90098571777344,1719900
2015-03-10,102.62000274658203,103.5199966430664,102.22000122070312,102.93000030517578,95.0605697631836,1911700
2015-03-09,102.47000122070312,103.58000183105469,102.01000213623047,103.33999633789062,95.43921661376953,1295300
2015-03-06,103.19000244140625,103.58999633789062,102.0,102.26000213623047,94.4417953491211,1549300
2015-03-05,103.73999786376953,103.91999816894531,103.16999816894531,103.63999938964844,95.7162857055664,1208400
2015-03-04,102.52999877929688,103.6500015258789,102.12999725341797,103.4800033569336,95.56851959228516,1832600
2015-03-03,103.41000366210938,103.97000122070312,102.5,103.04000091552734,95.16214752197266,1995400
2015-03-02,102.56999969482422,103.25,102.44000244140625,103.0999984741211,95.21757507324219,1948300
2015-02-27,103.08000183105469,103.30999755859375,102.48999786376953,102.76000213623047,94.9035873413086,1329300
2015-02-26,102.93000030517578,103.63999938964844,102.62000274658203,102.9800033569336,95.10672760009766,1711900
2015-02-25,102.97000122070312,103.70999908447266,102.75,103.29000091552734,95.39305114746094,1064500
2015-02-24,102.76000213623047,103.13999938964844,102.29000091552734,102.97000122070312,95.09750366210938,1169200
2015-02-23,101.9800033569336,102.88999938964844,101.79000091552734,102.76000213623047,94.9035873413086,1107800
2015-02-20,101.0199966430664,102.0,100.18000030517578,101.9800033569336,94.18319702148438,1442600
2015-02-19,100.5199966430664,101.02999877929688,100.08999633789062,101.01000213623047,93.28736877441406,1420900
2015-02-18,100.20999908447266,100.91999816894531,99.61000061035156,100.66000366210938,92.964111328125,1680400
2015-02-17,100.20999908447266,100.8499984741211,99.68000030517578,100.5999984741211,92.90869903564453,2196900
2015-02-13,99.68000030517578,100.36000061035156,99.01000213623047,100.33999633789062,92.6685791015625,2063300
2015-02-12,98.83000183105469,99.8499984741211,98.2300033569336,99.83000183105469,92.19757080078125,2224600
2015-02-11,97.01000213623047,99.08000183105469,96.93000030517578,98.73999786376953,90.92308044433594,3137400
2015-02-10,96.33999633789062,97.01000213623047,95.7699966430664,96.91000366210938,89.23795318603516,2247800
2015-02-09,96.97000122070312,96.97000122070312,95.08000183105469,95.55999755859375,87.99483489990234,1645200
2015-02-06,96.94999694824219,98.2300033569336,96.58999633789062,97.04000091552734,89.3576431274414,2015500
2015-02-05,96.2699966430664,96.66999816894531,95.9800033569336,96.33999633789062,88.71307373046875,1055700
2015-02-04,95.62000274658203,96.44999694824219,95.2300033569336,95.87000274658203,88.2802963256836,1777600
2015-02-03,95.66999816894531,95.83000183105469,94.2699966430664,95.63999938964844,88.06848907470703,2081300
2015-02-02,95.56999969482422,95.7699966430664,93.5999984741211,95.1500015258789,87.61729431152344,1697600
2015-01-30,96.18000030517578,96.5,94.9800033569336,95.05000305175781,87.52523040771484,2346800
2015-01-29,96.87000274658203,97.12999725341797,94.88999938964844,96.33999633789062,88.71307373046875,3327400
2015-01-28,98.80000305175781,100.19999694824219,95.26000213623047,96.37000274658203,88.74070739746094,5424200
2015-01-27,95.16999816894531,96.48999786376953,94.70999908447266,95.91999816894531,88.32634735107422,2734000
2015-01-26,94.8499984741211,95.87000274658203,94.30000305175781,95.8499984741211,88.26187133789062,2097500
2015-01-23,94.37999725341797,95.16000366210938,94.30000305175781,94.7300033569336,87.23053741455078,1853800
2015-01-22,93.2300033569336,94.2300033569336,91.94999694824219,94.1500015258789,86.69646453857422,1641100
2015-01-21,92.37999725341797,93.0,91.9000015258789,92.77999877929688,85.43492126464844,1531500
2015-01-20,93.01000213623047,93.41999816894531,91.38999938964844,92.44000244140625,85.121826171875,1177100
2015-01-16,91.13999938964844,92.45999908447266,90.3499984741211,92.41999816894531,85.10340881347656,1541700
2015-01-15,92.1500015258789,92.4000015258789,91.0999984741211,91.4000015258789,84.16417694091797,1362000
2015-01-14,91.41999816894531,92.87000274658203,90.58999633789062,92.0999984741211,84.80874633789062,2000000
2015-01-13,91.87000274658203,93.41999816894531,90.93000030517578,91.63999938964844,84.38516235351562,3463900
2015-01-12,93.7699966430664,94.3499984741211,90.55000305175781,90.93000030517578,83.73137664794922,3524600
2015-01-09,92.44000244140625,93.2699966430664,92.31999969482422,93.0,85.63749694824219,1553700
2015-01-08,91.73999786376953,92.7699966430664,91.16000366210938,92.19000244140625,84.8916244506836,2396900
2015-01-07,90.9800033569336,92.4000015258789,90.43000030517578,91.9800033569336,84.69824981689453,1608900
2015-01-06,90.13999938964844,91.41999816894531,89.5199966430664,90.18000030517578,83.0407485961914,1761600
2015-01-05,90.06999969482422,90.73999786376953,89.63999938964844,89.69000244140625,82.58954620361328,1631200
2015-01-02,90.61000061035156,91.31999969482422,89.81999969482422,90.45999908447266,83.298583984375,1124600
2014-12-31,91.56999969482422,91.93000030517578,90.08999633789062,90.16000366210938,83.0223159790039,979000
2014-12-30,91.47000122070312,91.66999816894531,91.08000183105469,91.27999877929688,84.05366516113281,1088600
2014-12-29,91.26000213623047,91.88999938964844,91.18000030517578,91.62999725341797,84.37596130371094,752400
2014-12-26,91.54000091552734,92.20999908447266,91.30000305175781,91.51000213623047,84.26545715332031,393300
2014-12-24,91.6500015258789,92.26000213623047,91.45999908447266,91.5999984741211,84.34834289550781,432100
2014-12-23,92.4000015258789,92.6500015258789,90.69000244140625,91.41999816894531,84.18257141113281,1175800
2014-12-22,92.26000213623047,92.55999755859375,91.4800033569336,91.94000244140625,84.66142272949219,1566900
2014-12-19,92.04000091552734,92.55999755859375,91.12000274658203,91.68000030517578,84.42198944091797,2886900
2014-12-18,91.12000274658203,91.38999938964844,90.43000030517578,91.27999877929688,84.05366516113281,2160700
2014-12-17,89.81999969482422,91.0199966430664,89.48999786376953,90.55999755859375,83.39064025878906,1956700
2014-12-16,90.19000244140625,91.1500015258789,89.26000213623047,89.43000030517578,82.35013580322266,2243400
2014-12-15,91.55000305175781,91.72000122070312,89.9800033569336,90.69000244140625,83.51039123535156,2351700
2014-12-12,91.87999725341797,92.52999877929688,90.91999816894531,90.9800033569336,83.77741241455078,1691500
2014-12-11,91.93000030517578,92.83999633789062,91.5199966430664,92.55000305175781,85.22313690185547,1767700
2014-12-10,91.91999816894531,92.27999877929688,90.80999755859375,90.91999816894531,83.72216033935547,1242800
2014-12-09,91.44999694824219,92.25,90.7699966430664,92.08999633789062,84.79953002929688,1409100
2014-12-08,92.01000213623047,92.83999633789062,91.97000122070312,92.55999755859375,85.23231506347656,1507400
2014-12-05,92.37999725341797,92.55999755859375,91.86000061035156,92.20999908447266,84.91004180908203,740100
2014-12-04,91.87000274658203,92.6500015258789,91.68000030517578,91.94999694824219,84.67062377929688,1444900
2014-12-03,91.98999786376953,92.38999938964844,91.72000122070312,91.98999786376953,84.70745849609375,1533000
2014-12-02,90.93000030517578,92.51000213623047,90.87000274658203,92.04000091552734,84.75348663330078,1769800
2014-12-01,90.63999938964844,91.4000015258789,90.27999877929688,90.83999633789062,83.64850616455078,1586400
2014-11-28,90.48999786376953,91.58999633789062,90.45999908447266,91.05000305175781,83.84188079833984,758300
2014-11-26,90.22000122070312,90.80000305175781,89.5,90.08999633789062,82.95787811279297,974900
2014-11-25,90.04000091552734,90.44999694824219,89.51000213623047,90.31999969482422,83.16966247558594,1205400
2014-11-24,89.20999908447266,90.0999984741211,89.20999908447266,90.04000091552734,82.91182708740234,1309500
2014-11-21,89.0,89.02999877929688,88.0999984741211,88.73999786376953,81.71475982666016,1635700
2014-11-20,89.19000244140625,89.30999755859375,88.33999633789062,88.9000015258789,81.86206817626953,1411700
2014-11-19,89.44000244140625,89.94000244140625,88.88999938964844,89.31999969482422,82.24883270263672,2207300
2014-11-18,89.0,89.97000122070312,88.66999816894531,89.76000213623047,82.65400695800781,1611200
2014-11-17,88.83000183105469,89.69999694824219,88.56999969482422,89.01000213623047,81.96337127685547,1624500
2014-11-14,88.87000274658203,89.23999786376953,88.33999633789062,88.83000183105469,81.797607421875,1635000
2014-11-13,88.54000091552734,89.4800033569336,88.54000091552734,89.08000183105469,82.02783203125,1563500
2014-11-12,87.94999694824219,88.77999877929688,87.54000091552734,88.70999908447266,81.4200668334961,1323400
2014-11-11,87.70999908447266,88.44000244140625,87.63999938964844,87.93000030517578,80.70417022705078,1214500
2014-11-10,87.0199966430664,87.86000061035156,86.5199966430664,87.70999908447266,80.50225067138672,1297200
2014-11-07,87.80000305175781,87.80000305175781,86.48999786376953,86.7300033569336,79.60279846191406,2199300
2014-11-06,87.95999908447266,88.11000061035156,86.81999969482422,87.4000015258789,80.21773529052734,2317200
2014-11-05,88.83000183105469,89.2300033569336,87.61000061035156,87.80999755859375,80.59403991699219,2050300
2014-11-04,86.62999725341797,88.22000122070312,86.5,88.19000244140625,80.94282531738281,2796600
2014-11-03,85.80999755859375,86.95999908447266,85.58000183105469,86.9000015258789,79.75881958007812,2569200
2014-10-31,85.05999755859375,85.98999786376953,84.7699966430664,85.41000366210938,78.3912582397461,3248200
2014-10-30,81.68000030517578,85.12000274658203,81.68000030517578,84.83999633789062,77.86810302734375,5081400
2014-10-29,79.58000183105469,80.19000244140625,79.26000213623047,79.73999786376953,73.18719482421875,2529800
2014-10-28,79.9800033569336,79.98999786376953,78.94000244140625,79.6500015258789,73.1045913696289,2253400
2014-10-27,78.33999633789062,79.98999786376953,78.29000091552734,79.44999694824219,72.9210205078125,3260900
2014-10-24,77.70999908447266,78.33000183105469,77.43000030517578,78.27999877929688,71.84718322753906,1425500
2014-10-23,77.31999969482422,77.9000015258789,77.18000030517578,77.44000244140625,71.07621765136719,1979100
2014-10-22,76.9000015258789,77.19999694824219,76.58999633789062,76.62999725341797,70.33279418945312,1946400
2014-10-21,76.19999694824219,76.86000061035156,76.0199966430664,76.62000274658203,70.32361602783203,3045500
2014-10-20,75.87000274658203,76.0199966430664,75.11000061035156,75.48999786376953,69.28646087646484,2599200
2014-10-17,75.47000122070312,76.18000030517578,75.31999969482422,75.83999633789062,69.60767364501953,1590300
2014-10-16,75.37999725341797,75.87000274658203,74.31999969482422,75.0199966430664,68.85507202148438,2415300
2014-10-15,75.79000091552734,76.41000366210938,74.51000213623047,76.0199966430664,69.77288055419922,2385600
2014-10-14,76.25,77.33999633789062,75.66000366210938,76.62999725341797,70.33279418945312,1645400
2014-10-13,76.94000244140625,77.19000244140625,75.75,75.83999633789062,69.60767364501953,1534800
2014-10-10,77.3499984741211,78.11000061035156,76.86000061035156,76.9000015258789,70.5805892944336,1407500
2014-10-09,77.88999938964844,78.45999908447266,77.13999938964844,77.19999694824219,70.85594177246094,1499000
2014-10-08,76.37000274658203,77.9800033569336,76.33000183105469,77.88999938964844,71.48920440673828,1419600
2014-10-07,77.19999694824219,77.23999786376953,76.4800033569336,76.5,70.21344757080078,1070400
2014-10-06,78.06999969482422,78.58000183105469,77.0199966430664,77.5199966430664,71.1496353149414,1328900
2014-10-03,77.11000061035156,78.20999908447266,77.11000061035156,77.88999938964844,71.48920440673828,1578700
2014-10-02,76.61000061035156,77.25,76.36000061035156,76.87000274658203,70.55306243896484,1470500
2014-10-01,78.20999908447266,78.20999908447266,76.44000244140625,76.69000244140625,70.38787078857422,1491700
2014-09-30,77.6500015258789,78.0199966430664,77.19000244140625,77.30000305175781,70.94771575927734,1373500
2014-09-29,77.05000305175781,77.83999633789062,76.94999694824219,77.62999725341797,71.2505874633789,973100
2014-09-26,77.41000366210938,77.66999816894531,76.86000061035156,77.41999816894531,71.05785369873047,910100
2014-09-25,77.70999908447266,78.0199966430664,77.08999633789062,77.48999786376953,71.12210083007812,1738200
2014-09-24,76.91999816894531,78.12000274658203,76.68000030517578,78.04000091552734,71.62691497802734,1749800
2014-09-23,76.72000122070312,77.1500015258789,76.43000030517578,76.79000091552734,70.4796142578125,1196200
2014-09-22,77.3499984741211,77.55999755859375,76.75,77.18000030517578,70.83759307861328,1283500
2014-09-19,77.47000122070312,78.12000274658203,77.31999969482422,77.33000183105469,70.97525787353516,3064600
2014-09-18,76.80999755859375,77.2300033569336,76.69999694824219,77.12999725341797,70.79170227050781,1121100
2014-09-17,77.25,77.29000091552734,76.19000244140625,76.52999877929688,70.2409896850586,1691100
2014-09-16,76.47000122070312,77.44000244140625,75.70999908447266,77.11000061035156,70.77334594726562,1988500
2014-09-15,76.98999786376953,77.0999984741211,76.55000305175781,76.83999633789062,70.52552795410156,994400
2014-09-12,77.3499984741211,77.5999984741211,76.61000061035156,77.0999984741211,70.76416015625,1330000
2014-09-11,77.5199966430664,77.72000122070312,76.7300033569336,77.3499984741211,70.99359893798828,1787000
2014-09-10,78.1500015258789,78.33999633789062,77.81999969482422,77.95999908447266,71.55348205566406,913900
2014-09-09,78.22000122070312,78.33000183105469,77.83000183105469,78.0,71.59020233154297,1084300
2014-09-08,77.91999816894531,78.5999984741211,77.81999969482422,78.33000183105469,71.89308166503906,1086200
2014-09-05,77.18000030517578,78.26000213623047,76.9800033569336,78.13999938964844,71.71868133544922,1240700
2014-09-04,77.31999969482422,77.94000244140625,77.08000183105469,77.3499984741211,70.99359893798828,840100
2014-09-03,77.51000213623047,77.6500015258789,77.19000244140625,77.36000061035156,71.00279235839844,665300
2014-09-02,77.51000213623047,77.69000244140625,77.05000305175781,77.1500015258789,70.81004333496094,1112300
2014-08-29,77.0,77.41000366210938,76.80000305175781,77.38999938964844,71.03031921386719,992100
2014-08-28,76.30999755859375,76.91999816894531,76.08999633789062,76.72000122070312,70.41537475585938,580800
2014-08-27,76.97000122070312,76.97000122070312,76.0,76.37000274658203,70.09414672851562,774400
2014-08-26,76.8499984741211,76.91000366210938,76.3499984741211,76.72000122070312,70.41537475585938,616000
2014-08-25,77.02999877929688,77.29000091552734,76.66999816894531,76.91999816894531,70.59895324707031,454600
2014-08-22,77.05000305175781,77.29000091552734,76.43000030517578,76.5999984741211,70.30524444580078,681100
2014-08-21,77.05999755859375,77.37000274658203,76.87999725341797,76.93000030517578,70.60811614990234,758900
2014-08-20,76.93000030517578,77.0199966430664,76.58000183105469,76.86000061035156,70.54387664794922,718600
2014-08-19,76.68000030517578,77.0999984741211,76.62999725341797,76.93000030517578,70.60811614990234,715800
2014-08-18,76.52999877929688,76.98999786376953,76.36000061035156,76.5999984741211,70.30524444580078,698400
2014-08-15,76.79000091552734,77.0,76.0999984741211,76.33000183105469,70.05744171142578,1594700
2014-08-14,76.05999755859375,76.63999938964844,76.04000091552734,76.62000274658203,70.32361602783203,1043800
2014-08-13,76.16999816894531,76.48999786376953,75.94000244140625,76.13999938964844,69.6673583984375,1170200
2014-08-12,75.94000244140625,76.12000274658203,75.5999984741211,75.81999969482422,69.37454986572266,1084400
2014-08-11,75.7699966430664,76.38999938964844,75.52999877929688,75.88999938964844,69.4386215209961,1267100
2014-08-08,75.0,75.56999969482422,74.66000366210938,75.43000030517578,69.01770782470703,1353100
2014-08-07,76.37000274658203,76.45999908447266,74.86000061035156,74.95999908447266,68.58766174316406,2009400
2014-08-06,76.66999816894531,76.87000274658203,75.48999786376953,76.02999877929688,69.56669616699219,2228300
2014-08-05,77.2699966430664,77.77999877929688,76.83999633789062,77.05000305175781,70.49999237060547,1668600
2014-08-04,77.27999877929688,77.91999816894531,76.54000091552734,77.79000091552734,71.17708587646484,3296300
2014-08-01,76.95999908447266,77.83000183105469,76.7300033569336,77.30000305175781,70.7287368774414,1629000
2014-07-31,77.66999816894531,78.04000091552734,76.72000122070312,76.91000366210938,70.37190246582031,2099000
2014-07-30,77.98999786376953,78.45999908447266,77.69000244140625,77.94999694824219,71.32347106933594,1270800
2014-07-29,77.38999938964844,77.98999786376953,77.25,77.62000274658203,71.02153778076172,1534000
2014-07-28,76.75,77.72000122070312,76.56999969482422,77.4000015258789,70.82025146484375,3131700
2014-07-25,76.41000366210938,77.05999755859375,76.20999908447266,76.79000091552734,70.2620849609375,2049700
2014-07-24,77.05000305175781,79.12999725341797,75.62000274658203,76.37000274658203,69.87779998779297,4459400
2014-07-23,73.73999786376953,74.27999877929688,73.62000274658203,74.05999755859375,67.76419067382812,1931100
2014-07-22,73.05999755859375,73.87999725341797,73.0199966430664,73.72000122070312,67.45307159423828,1257000
2014-07-21,72.91999816894531,73.0,72.37999725341797,72.73999786376953,66.55638885498047,1055100
2014-07-18,72.8499984741211,73.30000305175781,72.55999755859375,73.05999755859375,66.84917449951172,1431500
2014-07-17,72.77999877929688,73.55000305175781,72.48999786376953,72.69999694824219,66.51979064941406,1274300
2014-07-16,72.98999786376953,72.98999786376953,72.4000015258789,72.97000122070312,66.7668228149414,1446600
2014-07-15,72.80000305175781,73.08999633789062,72.44999694824219,72.69999694824219,66.51979064941406,1672200
2014-07-14,73.31999969482422,73.5,72.8499984741211,73.0999984741211,66.88579559326172,664800
2014-07-11,72.94000244140625,73.0999984741211,72.43000030517578,72.9800033569336,66.7759780883789,527000
2014-07-10,72.54000091552734,73.13999938964844,72.01000213623047,72.91999816894531,66.7210922241211,764100
2014-07-09,73.0999984741211,73.26000213623047,72.66999816894531,72.9800033569336,66.7759780883789,729500
2014-07-08,73.0,73.06999969482422,72.5999984741211,72.87000274658203,66.67534637451172,1273300
2014-07-07,73.19999694824219,73.2300033569336,72.66000366210938,73.01000213623047,66.80343627929688,892300
2014-07-03,73.33000183105469,73.41999816894531,73.05000305175781,73.2300033569336,67.0047378540039,943900
2014-07-02,72.83000183105469,73.18000030517578,72.72000122070312,73.05000305175781,66.84003448486328,1272900
2014-07-01,72.66999816894531,73.26000213623047,72.58999633789062,72.9800033569336,66.7759780883789,1096400
2014-06-30,72.98999786376953,72.98999786376953,72.4000015258789,72.66000366210938,66.48320007324219,1103300
2014-06-27,72.58999633789062,73.25,72.43000030517578,72.87000274658203,66.67534637451172,1121200
2014-06-26,72.73999786376953,72.8499984741211,72.38999938964844,72.72000122070312,66.53807830810547,931700
2014-06-25,72.58000183105469,73.11000061035156,72.4000015258789,72.73999786376953,66.55638885498047,1029400
2014-06-24,72.18000030517578,72.73999786376953,71.91000366210938,72.55000305175781,66.3825454711914,1413800
2014-06-23,72.47000122070312,72.7699966430664,72.2699966430664,72.4800033569336,66.31851196289062,969600
2014-06-20,72.16999816894531,72.45999908447266,71.91000366210938,72.26000213623047,66.11719512939453,2560100
2014-06-19,72.18000030517578,72.41999816894531,71.63999938964844,71.93000030517578,65.81526184082031,1256900
2014-06-18,71.6500015258789,72.23999786376953,71.18000030517578,72.0999984741211,65.9708023071289,1052400
2014-06-17,71.37000274658203,71.93000030517578,71.18000030517578,71.73999786376953,65.64140319824219,951600
2014-06-16,71.61000061035156,72.0999984741211,71.2300033569336,71.5199966430664,65.4400863647461,1259600
2014-06-13,71.44999694824219,71.9000015258789,71.0,71.77999877929688,65.67801666259766,1269700
2014-06-12,71.79000091552734,72.05000305175781,71.0999984741211,71.45999908447266,65.38518524169922,1509300
2014-06-11,71.87999725341797,72.05999755859375,71.47000122070312,71.91999816894531,65.80608367919922,1324000
2014-06-10,72.16999816894531,72.56999969482422,71.68000030517578,72.01000213623047,65.8884506225586,1796700
2014-06-09,72.4000015258789,72.83999633789062,72.11000061035156,72.33999633789062,66.19039154052734,1581400
2014-06-06,72.95999908447266,72.95999908447266,72.05000305175781,72.5,66.33679962158203,2388400
2014-06-05,73.51000213623047,73.80999755859375,72.52999877929688,72.79000091552734,66.60212707519531,2691600
2014-06-04,73.11000061035156,73.66999816894531,72.8499984741211,73.66000366210938,67.39818572998047,1734200
2014-06-03,72.94999694824219,73.19999694824219,72.66999816894531,73.08999633789062,66.87661743164062,1717700
2014-06-02,73.30999755859375,73.79000091552734,73.08000183105469,73.20999908447266,66.98643493652344,1602100
2014-05-30,73.33999633789062,73.56999969482422,72.72000122070312,73.18000030517578,66.95899200439453,3909700
2014-05-29,72.69000244140625,73.41999816894531,72.69000244140625,73.27999877929688,67.05048370361328,1611700
2014-05-28,72.36000061035156,72.83999633789062,72.08999633789062,72.68000030517578,66.50149536132812,2384800
2014-05-27,71.76000213623047,72.41000366210938,71.70999908447266,72.4000015258789,66.24530029296875,1521100
2014-05-23,71.55000305175781,71.70999908447266,71.1500015258789,71.63999938964844,65.54991149902344,1155100
2014-05-22,70.77999877929688,71.66000366210938,70.58000183105469,71.3499984741211,65.2845458984375,1772200
2014-05-21,69.79000091552734,70.80999755859375,69.79000091552734,70.70999908447266,64.6989517211914,2327400
2014-05-20,69.41000366210938,69.87999725341797,68.79000091552734,69.79000091552734,63.857154846191406,1907700
2014-05-19,68.52999877929688,69.5,68.30999755859375,69.41999816894531,63.51860809326172,3277700
2014-05-16,67.36000061035156,68.33999633789062,67.30999755859375,68.30999755859375,62.50297546386719,2558300
2014-05-15,66.88999938964844,67.51000213623047,66.69000244140625,67.5,61.761863708496094,1934900
2014-05-14,66.86000061035156,67.41999816894531,66.69999694824219,67.30000305175781,61.36381149291992,1976800
2014-05-13,66.55000305175781,67.0,66.05000305175781,66.8499984741211,60.95351028442383,2622500
2014-05-12,65.9800033569336,66.72000122070312,65.87000274658203,66.66999816894531,60.78938293457031,1719600
2014-05-09,64.5199966430664,65.75,64.0199966430664,65.58000183105469,59.795528411865234,2715800
2014-05-08,64.38999938964844,65.26000213623047,64.19000244140625,64.4000015258789,58.71961212158203,1586500
2014-05-07,64.87000274658203,64.95999908447266,64.26000213623047,64.54000091552734,58.847259521484375,1946700
2014-05-06,64.70999908447266,65.0,64.56999969482422,64.7699966430664,59.056976318359375,1445800
2014-05-05,64.0,65.30000305175781,63.880001068115234,65.0999984741211,59.35786437988281,1767300
2014-05-02,64.88999938964844,64.88999938964844,64.1500015258789,64.2699966430664,58.601078033447266,1797000
2014-05-01,64.76000213623047,65.16999816894531,63.849998474121094,64.87000274658203,59.148170471191406,2151100
2014-04-30,63.75,65.29000091552734,63.59000015258789,65.18000030517578,59.43081283569336,3099900
2014-04-29,63.70000076293945,64.30000305175781,63.560001373291016,63.9900016784668,58.34577941894531,1758500
2014-04-28,63.25,63.68000030517578,62.689998626708984,63.45000076293945,57.85341262817383,1667000
2014-04-25,64.52999877929688,64.79000091552734,62.54999923706055,62.83000183105469,57.28809356689453,2935500
2014-04-24,66.0,66.80999755859375,63.7599983215332,64.88999938964844,59.1663932800293,3612700
2014-04-23,64.80000305175781,65.19000244140625,64.5,64.83999633789062,59.12080383300781,1399800
2014-04-22,64.80000305175781,65.48999786376953,64.66000366210938,64.68000030517578,58.97491455078125,1602800
2014-04-21,64.20999908447266,65.1500015258789,64.20999908447266,64.80000305175781,59.08434295654297,1224700
2014-04-17,64.75,65.08999633789062,64.4800033569336,64.68000030517578,58.97491455078125,1049600
2014-04-16,64.87000274658203,65.13999938964844,64.30000305175781,64.94999694824219,59.221092224121094,1392900
2014-04-15,64.55999755859375,64.91000366210938,63.22999954223633,64.22000122070312,58.55548858642578,2011100
2014-04-14,64.44000244140625,64.68000030517578,63.849998474121094,64.51000213623047,58.819908142089844,1432200
2014-04-11,64.52999877929688,65.25,63.86000061035156,64.16999816894531,58.5098876953125,2587400
2014-04-10,65.91000366210938,66.18000030517578,64.73999786376953,65.0,59.26668930053711,2105700
2014-04-09,64.7699966430664,65.70999908447266,64.63999938964844,65.63999938964844,59.850250244140625,2409100
2014-04-08,64.13999938964844,64.4800033569336,63.400001525878906,64.16999816894531,58.5098876953125,1907300
2014-04-07,64.94000244140625,65.08000183105469,63.61000061035156,64.18000030517578,58.519012451171875,3037900
2014-04-04,65.98999786376953,66.33999633789062,64.8499984741211,65.05000305175781,59.31227493286133,1965800
2014-04-03,65.80999755859375,65.91000366210938,65.37999725341797,65.80000305175781,59.99612045288086,2173400
2014-04-02,65.75,66.37000274658203,65.55000305175781,65.58000183105469,59.795528411865234,1836200
2014-04-01,65.5999984741211,65.91999816894531,65.31999969482422,65.91000366210938,60.09642791748047,1747300
2014-03-31,65.30000305175781,65.63999938964844,65.05999755859375,65.58999633789062,59.80465316772461,1479300
2014-03-28,64.25,65.02999877929688,64.19999694824219,64.81999969482422,59.10257339477539,1672000
2014-03-27,64.80999755859375,64.81999969482422,63.720001220703125,64.11000061035156,58.455196380615234,2184400
2014-03-26,64.91999816894531,65.58999633789062,64.77999877929688,64.8499984741211,59.12991714477539,2186700
2014-03-25,64.61000061035156,65.30999755859375,63.97999954223633,64.55999755859375,58.8654899597168,1948600
2014-03-24,65.29000091552734,65.48999786376953,63.529998779296875,64.31999969482422,58.64667510986328,2792900
2014-03-21,66.55000305175781,66.62999725341797,64.55999755859375,64.81999969482422,59.10257339477539,3534800
2014-03-20,66.73999786376953,66.9000015258789,66.26000213623047,66.4800033569336,60.61615753173828,1526300
2014-03-19,68.05000305175781,68.0999984741211,66.58999633789062,66.87000274658203,60.97174835205078,1337700
2014-03-18,68.08000183105469,68.43000030517578,67.77999877929688,67.8499984741211,61.86529541015625,1604600
2014-03-17,67.7300033569336,68.18000030517578,67.63999938964844,68.08000183105469,62.07502365112305,1444600
2014-03-14,67.66000366210938,67.94999694824219,67.4000015258789,67.56999969482422,61.610015869140625,1672800
2014-03-13,68.01000213623047,68.20999908447266,67.55000305175781,67.79000091552734,61.81059265136719,1897100
2014-03-12,67.76000213623047,67.8499984741211,66.97000122070312,67.68000030517578,61.71030044555664,1944500
2014-03-11,69.11000061035156,69.47000122070312,68.16999816894531,68.33999633789062,62.312095642089844,1562700
2014-03-10,68.91000366210938,69.6500015258789,68.75,69.0999984741211,63.00506591796875,1232100
2014-03-07,69.25,69.2699966430664,68.55999755859375,68.94000244140625,62.85917282104492,1783400
2014-03-06,69.0,69.44999694824219,68.75,68.75,62.68592834472656,1495300
2014-03-05,69.0,69.1500015258789,68.69999694824219,68.88999938964844,62.813568115234375,1426900
2014-03-04,68.02999877929688,68.94000244140625,67.97000122070312,68.76000213623047,62.69505310058594,2309100
2014-03-03,67.11000061035156,67.69000244140625,66.97000122070312,67.5,61.54620361328125,1389800
2014-02-28,68.16999816894531,68.37999725341797,67.47000122070312,67.8499984741211,61.86529541015625,1681800
2014-02-27,68.01000213623047,68.30999755859375,67.6500015258789,68.01000213623047,62.011207580566406,1401600
2014-02-26,68.87000274658203,69.16999816894531,67.95999908447266,68.26000213623047,62.2391357421875,1539100
2014-02-25,68.38999938964844,68.98999786376953,68.23999786376953,68.72000122070312,62.6585578918457,1497200
2014-02-24,68.30999755859375,69.22000122070312,68.30999755859375,68.58000183105469,62.530914306640625,1363100
2014-02-21,68.41999816894531,69.1500015258789,68.16000366210938,68.4000015258789,62.366790771484375,1113100
2014-02-20,68.4000015258789,68.6500015258789,67.56999969482422,68.38999938964844,62.35767364501953,1469800
2014-02-19,68.12000274658203,69.0199966430664,67.9800033569336,68.11000061035156,62.10236740112305,1937400
2014-02-18,68.05999755859375,68.95999908447266,67.98999786376953,68.5,62.45796203613281,1544800
2014-02-14,67.7300033569336,68.36000061035156,67.5999984741211,68.0,62.00208282470703,1110500
2014-02-13,67.37000274658203,68.19000244140625,66.87999725341797,67.88999938964844,61.90176010131836,1286200
2014-02-12,67.80999755859375,68.81999969482422,67.58000183105469,67.73999786376953,61.550743103027344,1965400
2014-02-11,66.2300033569336,67.88999938964844,66.19000244140625,67.55999755859375,61.38717269897461,2487800
2014-02-10,66.45999908447266,66.4800033569336,65.72000122070312,66.37000274658203,60.305904388427734,2913600
2014-02-07,65.87999725341797,66.58999633789062,65.69999694824219,66.54000091552734,60.460365295410156,1551300
2014-02-06,64.86000061035156,65.61000061035156,64.4000015258789,65.51000213623047,59.52448654174805,1553900
2014-02-05,64.81999969482422,65.12000274658203,64.27999877929688,64.72000122070312,58.80666732788086,2421400
2014-02-04,65.37999725341797,65.68000030517578,64.86000061035156,65.01000213623047,59.07017135620117,1865000
2014-02-03,67.12999725341797,67.12999725341797,65.0999984741211,65.16999816894531,59.21554183959961,3542200
2014-01-31,66.5999984741211,67.48999786376953,66.12999725341797,67.22000122070312,61.0782470703125,3733500
2014-01-30,67.6500015258789,68.1500015258789,67.6500015258789,67.7699966430664,61.57799530029297,1437200
2014-01-29,66.66999816894531,67.91999816894531,66.66999816894531,67.26000213623047,61.114593505859375,1906900
2014-01-28,66.73999786376953,67.88999938964844,66.69000244140625,67.72000122070312,61.53255081176758,1897300
2014-01-27,67.04000091552734,67.51000213623047,66.63999938964844,66.80999755859375,60.70570373535156,2836200
2014-01-24,69.2699966430664,69.83000183105469,67.25,67.25,61.10552215576172,3513300
2014-01-23,70.0,70.87999725341797,69.22000122070312,69.63999938964844,63.277137756347656,2110900
2014-01-22,70.80000305175781,70.87000274658203,69.80000305175781,70.27999877929688,63.858665466308594,1845400
2014-01-21,70.87999725341797,71.16999816894531,70.2699966430664,70.5199966430664,64.07672119140625,1368000
2014-01-17,70.68000030517578,70.94000244140625,70.31999969482422,70.52999877929688,64.08582305908203,1545100
2014-01-16,70.5999984741211,70.68000030517578,70.26000213623047,70.5,64.05856323242188,1082200
2014-01-15,70.73999786376953,70.73999786376953,70.02999877929688,70.55000305175781,64.10401153564453,1251500
2014-01-14,70.66000366210938,70.95999908447266,69.61000061035156,70.54000091552734,64.09489440917969,2427300
2014-01-13,71.41999816894531,71.75,70.37999725341797,70.61000061035156,64.15852355957031,1806500
2014-01-10,71.48999786376953,71.55000305175781,71.04000091552734,71.33999633789062,64.82180786132812,1582600
2014-01-09,71.44999694824219,71.91999816894531,71.0999984741211,71.37999725341797,64.85816192626953,1610000
2014-01-08,70.33000183105469,71.41000366210938,70.27999877929688,71.13999938964844,64.64007568359375,2084000
2014-01-07,69.81999969482422,70.91999816894531,69.81999969482422,70.44999694824219,64.01314544677734,1531600
2014-01-06,70.33999633789062,70.54000091552734,69.3499984741211,69.69000244140625,63.32256317138672,1301400
2014-01-03,69.88999938964844,70.20999908447266,69.80999755859375,69.94000244140625,63.54972457885742,1101300
2014-01-02,70.11000061035156,70.2300033569336,69.4800033569336,69.88999938964844,63.50430679321289,1148400
2013-12-31,70.5199966430664,70.63999938964844,70.08999633789062,70.30999755859375,63.885921478271484,627100
2013-12-30,70.25,70.5199966430664,70.01000213623047,70.37999725341797,63.949520111083984,642200
2013-12-27,70.44999694824219,70.44999694824219,69.83000183105469,70.20999908447266,63.7950553894043,897700
2013-12-26,70.25,70.62999725341797,70.01000213623047,70.30000305175781,63.876834869384766,640500
2013-12-24,70.01000213623047,70.41999816894531,69.94000244140625,70.13999938964844,63.731449127197266,417900
2013-12-23,70.12999725341797,70.2699966430664,69.7699966430664,70.02999877929688,63.63151168823242,1124700
2013-12-20,69.61000061035156,70.23999786376953,69.55999755859375,69.81999969482422,63.440673828125,2221000
2013-12-19,69.37000274658203,69.75,69.16999816894531,69.62999725341797,63.2680549621582,1964900
2013-12-18,68.5999984741211,69.66999816894531,68.16000366210938,69.61000061035156,63.2498779296875,1727100
2013-12-17,68.72000122070312,68.76000213623047,68.04000091552734,68.3499984741211,62.105018615722656,1700300
2013-12-16,68.83999633789062,69.13999938964844,68.13999938964844,68.44999694824219,62.195858001708984,1753800
2013-12-13,68.80999755859375,68.95999908447266,67.73999786376953,68.44999694824219,62.195858001708984,1849400
2013-12-12,69.19999694824219,69.55999755859375,68.69000244140625,68.7699966430664,62.48661804199219,2192600
2013-12-11,69.66999816894531,69.9800033569336,68.73999786376953,68.80000305175781,62.51388931274414,1972000
2013-12-10,70.11000061035156,70.13999938964844,68.75,69.7699966430664,63.39525604248047,3159700
2013-12-09,70.47000122070312,71.20999908447266,70.25,70.62999725341797,64.17668914794922,1460400
2013-12-06,69.87999725341797,70.36000061035156,69.5999984741211,70.29000091552734,63.867759704589844,1299100
2013-12-05,69.23999786376953,69.61000061035156,68.87999725341797,69.13999938964844,62.822837829589844,2130300
2013-12-04,70.3499984741211,70.81999969482422,68.77999877929688,69.45999908447266,63.11358642578125,2574900
2013-12-03,70.54000091552734,70.72000122070312,70.02999877929688,70.56999969482422,64.1221694946289,1787900
2013-12-02,70.79000091552734,71.37999725341797,70.62999725341797,70.88999938964844,64.4129409790039,1091800
2013-11-29,70.69999694824219,70.87999725341797,70.38999938964844,70.52999877929688,64.08582305908203,396100
2013-11-27,70.58999633789062,70.91000366210938,70.16000366210938,70.5,64.05856323242188,862600
2013-11-26,70.7699966430664,71.16000366210938,70.29000091552734,70.61000061035156,64.15852355957031,1528500
2013-11-25,69.80000305175781,70.75,69.80000305175781,70.41999816894531,63.98585891723633,1077700
2013-11-22,69.80999755859375,70.19000244140625,69.79000091552734,70.0199966430664,63.622406005859375,1310300
2013-11-21,69.30000305175781,70.04000091552734,69.27999877929688,69.79000091552734,63.413414001464844,1137100
2013-11-20,68.87999725341797,69.62000274658203,68.80000305175781,69.33999633789062,63.004547119140625,1294300
2013-11-19,69.01000213623047,69.48999786376953,68.66999816894531,68.87000274658203,62.57748794555664,1513200
2013-11-18,69.98999786376953,70.0,68.94000244140625,69.1500015258789,62.83192825317383,1464300
2013-11-15,69.12000274658203,69.61000061035156,68.9000015258789,69.5,63.14991760253906,1408000
2013-11-14,68.33999633789062,69.36000061035156,68.26000213623047,69.22000122070312,62.8955192565918,1378100
2013-11-13,67.9000015258789,68.48999786376953,67.72000122070312,68.48999786376953,62.01868438720703,1245800
2013-11-12,68.18000030517578,68.44000244140625,67.81999969482422,68.29000091552734,61.83757400512695,1347300
2013-11-11,68.08000183105469,68.3499984741211,67.66000366210938,68.11000061035156,61.67457962036133,1020400
2013-11-08,66.91999816894531,68.0199966430664,66.75,68.0,61.57498550415039,1504500
2013-11-07,67.41000366210938,67.4800033569336,66.58999633789062,66.7300033569336,60.42498016357422,1523600
2013-11-06,67.16999816894531,67.4000015258789,66.55999755859375,67.16000366210938,60.814334869384766,1410100
2013-11-05,67.08999633789062,67.79000091552734,66.80000305175781,66.87000274658203,60.5517463684082,2041600
2013-11-04,66.5,67.0999984741211,66.25,67.08999633789062,60.75096130371094,2724400
2013-11-01,65.55000305175781,66.37999725341797,65.16000366210938,66.37999725341797,60.10803985595703,2300900
2013-10-31,65.05000305175781,65.9800033569336,64.62000274658203,65.33000183105469,59.15724182128906,1838200
2013-10-30,65.94999694824219,65.95999908447266,64.87000274658203,65.22000122070312,59.057655334472656,1677800
2013-10-29,65.37999725341797,65.80000305175781,65.11000061035156,65.80000305175781,59.582847595214844,1334100
2013-10-28,65.16000366210938,65.37999725341797,64.52999877929688,65.19999694824219,59.03953552246094,1442000
2013-10-25,64.83999633789062,65.30999755859375,64.55000305175781,65.23999786376953,59.07575988769531,1074000
2013-10-24,64.19999694824219,64.94000244140625,64.19999694824219,64.63999938964844,58.5324592590332,1090600
2013-10-23,63.630001068115234,64.0,63.2400016784668,63.83000183105469,57.798988342285156,1229900
2013-10-22,64.18000030517578,64.55999755859375,63.529998779296875,63.7599983215332,57.735599517822266,1582000
2013-10-21,64.56999969482422,64.63999938964844,63.619998931884766,63.869998931884766,57.83521270751953,1819800
2013-10-18,64.9800033569336,65.05999755859375,64.33000183105469,64.61000061035156,58.505287170410156,1112000
2013-10-17,63.77000045776367,64.80000305175781,63.650001525878906,64.62000274658203,58.51433563232422,1674900
2013-10-16,63.029998779296875,63.7599983215332,62.939998626708984,63.75,57.726539611816406,1016100
2013-10-15,63.04999923706055,63.279998779296875,62.630001068115234,62.810001373291016,56.8753662109375,855600
2013-10-14,62.459999084472656,63.13999938964844,62.18000030517578,63.11000061035156,57.14702224731445,1068100
2013-10-11,62.47999954223633,62.880001068115234,62.380001068115234,62.650001525878906,56.7304801940918,1234500
2013-10-10,61.79999923706055,62.47999954223633,61.63999938964844,62.43000030517578,56.5312614440918,1209100
2013-10-09,61.290000915527344,61.47999954223633,60.779998779296875,61.27000045776367,55.480865478515625,1638400
2013-10-08,61.97999954223633,62.45000076293945,61.06999969482422,61.189998626708984,55.408424377441406,1777200
2013-10-07,62.27000045776367,62.36000061035156,61.880001068115234,61.970001220703125,56.11473083496094,742500
2013-10-04,61.59000015258789,62.540000915527344,61.41999816894531,62.470001220703125,56.56748580932617,1327400
2013-10-03,62.060001373291016,62.34000015258789,61.18000030517578,61.41999816894531,55.616695404052734,2136200
2013-10-02,62.18000030517578,62.29999923706055,61.58000183105469,62.20000076293945,56.3229866027832,1196800
2013-10-01,61.18000030517578,62.5,61.099998474121094,62.47999954223633,56.576534271240234,1117700
2013-09-30,60.900001525878906,61.27000045776367,60.689998626708984,61.099998474121094,55.32693099975586,1040200
2013-09-27,60.90999984741211,61.349998474121094,60.72999954223633,61.279998779296875,55.48991394042969,688300
2013-09-26,60.970001220703125,61.439998626708984,60.689998626708984,61.15999984741211,55.381263732910156,869600
2013-09-25,60.83000183105469,61.33000183105469,60.83000183105469,61.0099983215332,55.245426177978516,1044900
2013-09-24,61.72999954223633,61.900001525878906,60.84000015258789,60.90999984741211,55.154884338378906,1332800
2013-09-23,61.68000030517578,61.83000183105469,61.279998779296875,61.56999969482422,55.75251770019531,813100
2013-09-20,62.22999954223633,62.29999923706055,61.47999954223633,61.650001525878906,55.82496643066406,1631000
2013-09-19,61.849998474121094,62.439998626708984,61.779998779296875,62.22999954223633,56.35017013549805,1217700
2013-09-18,61.630001068115234,61.709999084472656,60.810001373291016,61.4900016784668,55.680076599121094,1137200
2013-09-17,61.0,61.59000015258789,60.93000030517578,61.59000015258789,55.7706413269043,933100
2013-09-16,60.79999923706055,61.2599983215332,60.65999984741211,60.95000076293945,55.19110107421875,1012900
2013-09-13,60.630001068115234,60.779998779296875,60.09000015258789,60.279998779296875,54.58440017700195,1274100
2013-09-12,60.41999816894531,61.02000045776367,60.369998931884766,60.459999084472656,54.74740982055664,1430900
2013-09-11,59.43000030517578,60.4900016784668,59.40999984741211,60.4900016784668,54.77456283569336,2026200
2013-09-10,59.0,59.5,58.88999938964844,59.369998931884766,53.76039123535156,1080300
2013-09-09,58.310001373291016,58.790000915527344,58.150001525878906,58.65999984741211,53.117469787597656,940800
2013-09-06,58.20000076293945,58.630001068115234,57.470001220703125,58.2400016784668,52.73716735839844,885800
2013-09-05,58.0,58.33000183105469,57.880001068115234,58.150001525878906,52.655670166015625,890600
2013-09-04,57.630001068115234,58.29999923706055,57.59000015258789,58.130001068115234,52.63754653930664,981100
2013-09-03,57.459999084472656,57.880001068115234,57.209999084472656,57.38999938964844,51.96747589111328,1054500
2013-08-30,57.189998626708984,57.38999938964844,56.63999938964844,56.91999816894531,51.541873931884766,871700
2013-08-29,56.869998931884766,57.33000183105469,56.65999984741211,57.150001525878906,51.75015640258789,766800
2013-08-28,56.81999969482422,57.130001068115234,56.2400016784668,56.959999084472656,51.57810592651367,1282700
2013-08-27,57.040000915527344,57.119998931884766,56.59000015258789,56.869998931884766,51.49660873413086,1368300
2013-08-26,57.40999984741211,57.779998779296875,57.31999969482422,57.439998626708984,52.012752532958984,820100
2013-08-23,57.40999984741211,57.630001068115234,57.099998474121094,57.45000076293945,52.02179718017578,1493600
2013-08-22,57.220001220703125,57.65999984741211,57.13999938964844,57.43000030517578,52.00369644165039,1602600
2013-08-21,57.2599983215332,57.540000915527344,56.939998626708984,57.06999969482422,51.67771530151367,1515700
2013-08-20,56.91999816894531,57.61000061035156,56.790000915527344,57.45000076293945,52.02179718017578,1888100
2013-08-19,56.540000915527344,57.09000015258789,56.5,56.849998474121094,51.47849655151367,2008100
2013-08-16,57.0,57.189998626708984,56.529998779296875,56.529998779296875,51.18872833251953,2227200
2013-08-15,57.709999084472656,57.779998779296875,56.790000915527344,57.27000045776367,51.85881042480469,2153200
2013-08-14,58.13999938964844,58.59000015258789,58.0,58.029998779296875,52.35684585571289,1784600
2013-08-13,58.70000076293945,58.970001220703125,57.97999954223633,58.13999938964844,52.45609664916992,2300100
2013-08-12,58.900001525878906,59.2400016784668,58.45000076293945,58.66999816894531,52.93427658081055,1544100
2013-08-09,59.459999084472656,59.75,59.2400016784668,59.4900016784668,53.67410659790039,1223200
2013-08-08,59.36000061035156,59.66999816894531,58.88999938964844,59.61000061035156,53.782371520996094,1578900
2013-08-07,58.310001373291016,59.16999816894531,58.209999084472656,58.7400016784668,52.9974250793457,1414300
2013-08-06,59.029998779296875,59.029998779296875,58.36000061035156,58.65999984741211,52.92525100708008,1060800
2013-08-05,58.380001068115234,59.09000015258789,58.290000915527344,59.029998779296875,53.25907897949219,1129300
2013-08-02,58.75,58.79999923706055,58.25,58.47999954223633,52.76285171508789,1560100
2013-08-01,58.38999938964844,59.119998931884766,58.369998931884766,58.79999923706055,53.05155944824219,1746200
2013-07-31,58.540000915527344,58.970001220703125,58.0,58.27000045776367,52.57337951660156,1848600
2013-07-30,58.84000015258789,58.88999938964844,58.09000015258789,58.22999954223633,52.53728485107422,2487500
2013-07-29,58.369998931884766,58.779998779296875,58.16999816894531,58.38999938964844,52.6816520690918,1440900
2013-07-26,57.40999984741211,58.58000183105469,57.279998779296875,58.470001220703125,52.75382614135742,1714300
2013-07-25,56.20000076293945,57.689998626708984,55.79999923706055,57.61000061035156,51.97791290283203,2869300
2013-07-24,58.31999969482422,59.29999923706055,56.58000183105469,56.77000045776367,51.22002029418945,3089500
2013-07-23,58.970001220703125,59.0,57.599998474121094,57.630001068115234,51.99595260620117,4014200
2013-07-22,58.7400016784668,59.099998474121094,58.599998474121094,58.9900016784668,53.22298049926758,1237800
2013-07-19,58.25,58.900001525878906,58.130001068115234,58.810001373291016,53.06058883666992,1552000
2013-07-18,58.58000183105469,58.95000076293945,58.040000915527344,58.310001373291016,52.609474182128906,2058500
2013-07-17,58.380001068115234,58.68000030517578,58.16999816894531,58.470001220703125,52.75382614135742,1137300
2013-07-16,58.33000183105469,58.61000061035156,58.13999938964844,58.279998779296875,52.5823974609375,2045900
2013-07-15,58.56999969482422,58.81999969482422,58.06999969482422,58.2400016784668,52.54631805419922,1693300
2013-07-12,58.02000045776367,58.41999816894531,57.68000030517578,58.38999938964844,52.6816520690918,1359100
2013-07-11,57.08000183105469,58.150001525878906,57.08000183105469,58.099998474121094,52.41999816894531,2337200
2013-07-10,55.95000076293945,56.599998474121094,55.90999984741211,56.54999923706055,51.02152633666992,1551500
2013-07-09,56.470001220703125,56.84000015258789,55.810001373291016,55.90999984741211,50.44409942626953,2101000
2013-07-08,55.83000183105469,56.29999923706055,55.59000015258789,56.279998779296875,50.77791976928711,1481200
2013-07-05,55.5099983215332,55.65999984741211,54.900001525878906,55.560001373291016,50.12831115722656,1629300
2013-07-03,54.5,55.2400016784668,54.400001525878906,55.09000015258789,49.70427322387695,1157000
2013-07-02,55.040000915527344,55.31999969482422,54.65999984741211,54.83000183105469,49.46967697143555,2008500
2013-07-01,56.11000061035156,56.22999954223633,54.970001220703125,55.0099983215332,49.63208770751953,2845300
2013-06-28,55.5,56.33000183105469,55.029998779296875,55.83000183105469,50.371925354003906,3350300
2013-06-27,55.369998931884766,55.7599983215332,55.099998474121094,55.310001373291016,49.90275192260742,2446300
2013-06-26,53.779998779296875,55.290000915527344,53.779998779296875,55.040000915527344,49.65915298461914,2503200
2013-06-25,53.7400016784668,53.77000045776367,53.060001373291016,53.54999923706055,48.3148078918457,2846600
2013-06-24,54.02000045776367,54.310001373291016,53.25,53.61000061035156,48.36894989013672,2936800
2013-06-21,54.2400016784668,54.93000030517578,54.150001525878906,54.34000015258789,49.02758026123047,2668500
2013-06-20,55.470001220703125,55.61000061035156,54.0099983215332,54.13999938964844,48.84713363647461,3015200
2013-06-19,55.779998779296875,56.38999938964844,55.38999938964844,55.560001373291016,50.12831115722656,2227200
2013-06-18,55.68000030517578,55.97999954223633,55.38999938964844,55.86000061035156,50.398983001708984,1805600
2013-06-17,55.130001068115234,55.68000030517578,55.04999923706055,55.65999984741211,50.21853256225586,2929400
2013-06-14,54.439998626708984,55.209999084472656,54.400001525878906,54.93000030517578,49.55989074707031,1985300
2013-06-13,54.61000061035156,54.689998626708984,54.040000915527344,54.560001373291016,49.22607421875,2551400
2013-06-12,55.02000045776367,55.349998474121094,54.720001220703125,54.75,49.39750289916992,3673500
2013-06-11,53.959999084472656,55.18000030517578,53.939998626708984,54.810001373291016,49.45163345336914,3596200
2013-06-10,53.130001068115234,53.84000015258789,52.970001220703125,53.709999084472656,48.45917892456055,2497500
2013-06-07,52.70000076293945,53.25,52.70000076293945,52.939998626708984,47.76445388793945,3489200
2013-06-06,52.810001373291016,53.08000183105469,52.439998626708984,52.54999923706055,47.41257858276367,3420300
2013-06-05,53.040000915527344,53.369998931884766,52.84000015258789,52.900001525878906,47.72836685180664,3433100
2013-06-04,52.72999954223633,53.400001525878906,52.689998626708984,53.2599983215332,48.05317306518555,2779700
2013-06-03,54.0099983215332,54.13999938964844,52.380001068115234,52.68000030517578,47.52987289428711,3582100
2013-05-31,54.4900016784668,54.720001220703125,54.08000183105469,54.08000183105469,48.79301071166992,2534700
2013-05-30,54.0,55.02000045776367,53.900001525878906,54.720001220703125,49.37043380737305,1743800
2013-05-29,54.16999816894531,54.5,53.220001220703125,53.900001525878906,48.630592346191406,2679200
2013-05-28,54.77000045776367,55.20000076293945,54.040000915527344,54.369998931884766,49.05465316772461,2759300
2013-05-24,54.36000061035156,54.560001373291016,54.040000915527344,54.439998626708984,49.11780548095703,1935100
2013-05-23,54.31999969482422,54.79999923706055,54.04999923706055,54.58000183105469,49.24412536621094,1816000
2013-05-22,54.720001220703125,55.11000061035156,54.369998931884766,54.459999084472656,49.13584899902344,2471600
2013-05-21,54.77000045776367,54.939998626708984,54.400001525878906,54.650001525878906,49.30727767944336,1698200
2013-05-20,55.0099983215332,55.22999954223633,54.709999084472656,54.81999969482422,49.460655212402344,1712700
2013-05-17,54.439998626708984,55.06999969482422,54.18000030517578,54.9900016784668,49.614044189453125,2180100
2013-05-16,54.63999938964844,55.060001373291016,54.290000915527344,54.400001525878906,49.081722259521484,1766600
2013-05-15,55.0,55.47999954223633,54.650001525878906,55.0099983215332,49.44261169433594,2859300
2013-05-14,54.470001220703125,54.9900016784668,54.25,54.959999084472656,49.39766311645508,2369200
2013-05-13,54.68000030517578,54.880001068115234,54.45000076293945,54.47999954223633,48.966243743896484,2022800
2013-05-10,54.97999954223633,55.0,54.630001068115234,54.84000015258789,49.28981018066406,1324800
2013-05-09,54.90999984741211,55.09000015258789,54.4900016784668,54.810001373291016,49.26285934448242,1708200
2013-05-08,55.029998779296875,55.209999084472656,54.619998931884766,55.099998474121094,49.52350616455078,2598700
2013-05-07,54.59000015258789,55.040000915527344,54.369998931884766,54.97999954223633,49.41564178466797,2142100
2013-05-06,54.4900016784668,54.709999084472656,54.34000015258789,54.400001525878906,48.89434814453125,1401200
2013-05-03,55.0099983215332,55.08000183105469,54.41999816894531,54.56999969482422,49.04713821411133,1850800
2013-05-02,53.849998474121094,54.86000061035156,53.77000045776367,54.849998474121094,49.298805236816406,2157900
2013-05-01,54.060001373291016,54.400001525878906,53.7599983215332,53.84000015258789,48.39102554321289,2418000
2013-04-30,54.06999969482422,54.130001068115234,53.599998474121094,54.119998931884766,48.64269256591797,2064900
2013-04-29,53.33000183105469,54.279998779296875,53.25,54.060001373291016,48.58875274658203,3329100
2013-04-26,53.0,53.599998474121094,52.779998779296875,53.2599983215332,47.869728088378906,5365100
2013-04-25,55.81999969482422,56.0,53.130001068115234,53.40999984741211,48.00454330444336,7988800
2013-04-24,56.33000183105469,56.599998474121094,55.630001068115234,55.81999969482422,50.17063522338867,3091300
2013-04-23,56.38999938964844,56.90999984741211,55.939998626708984,56.29999923706055,50.60205841064453,2419400
2013-04-22,56.41999816894531,56.439998626708984,55.650001525878906,56.20000076293945,50.512176513671875,2571100
2013-04-19,55.61000061035156,55.9900016784668,55.2400016784668,55.91999816894531,50.26051330566406,2023400
2013-04-18,55.060001373291016,56.06999969482422,55.02000045776367,55.439998626708984,49.8291015625,4273900
2013-04-17,54.779998779296875,55.189998626708984,54.45000076293945,55.060001373291016,49.4875602722168,3176700
2013-04-16,54.47999954223633,54.9900016784668,54.119998931884766,54.95000076293945,49.388694763183594,2050600
2013-04-15,54.13999938964844,54.349998474121094,53.84000015258789,54.040000915527344,48.570777893066406,2243200
2013-04-12,53.779998779296875,54.33000183105469,53.68000030517578,54.18000030517578,48.69662094116211,1269300
2013-04-11,53.279998779296875,54.15999984741211,53.25,53.810001373291016,48.364051818847656,2354400
2013-04-10,53.93000030517578,54.0,53.08000183105469,53.29999923706055,47.90568542480469,3148400
2013-04-09,52.75,53.150001525878906,52.4900016784668,52.91999816894531,47.56413269042969,3118200
2013-04-08,52.18000030517578,52.70000076293945,51.689998626708984,52.630001068115234,47.30348205566406,2294600
2013-04-05,51.43000030517578,52.119998931884766,51.40999984741211,52.08000183105469,46.80916213989258,1596400
2013-04-04,51.689998626708984,52.83000183105469,51.66999816894531,51.81999969482422,46.575469970703125,2840100
2013-04-03,52.56999969482422,52.83000183105469,51.310001373291016,51.689998626708984,46.458621978759766,4837400
2013-04-02,51.91999816894531,53.36000061035156,51.849998474121094,52.40999984741211,47.105751037597656,4047700
2013-04-01,51.380001068115234,51.65999984741211,51.290000915527344,51.63999938964844,46.41368103027344,1429400
2013-03-28,50.959999084472656,51.56999969482422,50.790000915527344,51.45000076293945,46.24291229248047,2835600
2013-03-27,50.5099983215332,50.900001525878906,50.33000183105469,50.709999084472656,45.57780456542969,2027900
2013-03-26,50.86000061035156,51.209999084472656,50.470001220703125,50.720001220703125,45.586788177490234,2428300
2013-03-25,49.95000076293945,50.95000076293945,49.84000015258789,50.59000015258789,45.46995162963867,3248100
2013-03-22,49.79999923706055,49.91999816894531,49.599998474121094,49.81999969482422,44.777870178222656,2917300
2013-03-21,50.11000061035156,50.540000915527344,49.560001373291016,49.790000915527344,44.750911712646484,2285000
2013-03-20,50.310001373291016,50.45000076293945,49.720001220703125,50.2400016784668,45.155357360839844,3203700
2013-03-19,51.38999938964844,52.150001525878906,49.91999816894531,50.060001373291016,44.993587493896484,17071100
2013-03-18,48.31999969482422,48.66999816894531,48.15999984741211,48.29999923706055,43.41170883178711,2602100
2013-03-15,49.13999938964844,49.2400016784668,48.81999969482422,48.88999938964844,43.94200134277344,2025400
2013-03-14,49.0,49.38999938964844,48.90999984741211,49.290000915527344,44.30152893066406,1810900
2013-03-13,48.709999084472656,48.900001525878906,48.56999969482422,48.86000061035156,43.915035247802734,859200
2013-03-12,48.52000045776367,48.849998474121094,48.439998626708984,48.650001525878906,43.72629165649414,1222600
2013-03-11,48.36000061035156,48.7400016784668,48.290000915527344,48.54999923706055,43.63639831542969,1495100
2013-03-08,48.27000045776367,48.5099983215332,47.970001220703125,48.47999954223633,43.573490142822266,1426400
2013-03-07,48.439998626708984,48.650001525878906,47.68000030517578,48.08000183105469,43.21397399902344,1785900
2013-03-06,48.439998626708984,48.79999923706055,48.27000045776367,48.47999954223633,43.573490142822266,1494700
2013-03-05,48.040000915527344,48.400001525878906,47.959999084472656,48.27000045776367,43.384742736816406,1646800
2013-03-04,47.83000183105469,48.25,47.65999984741211,48.25,43.36677551269531,2132800
2013-03-01,47.220001220703125,48.13999938964844,46.88999938964844,47.97999954223633,43.12409973144531,2135900
2013-02-28,46.959999084472656,47.5099983215332,46.810001373291016,47.20000076293945,42.423038482666016,2253700
2013-02-27,46.65999984741211,47.209999084472656,46.58000183105469,47.029998779296875,42.27024459838867,855100
2013-02-26,46.380001068115234,46.619998931884766,46.08000183105469,46.56999969482422,41.85679626464844,1373600
2013-02-25,47.099998474121094,47.25,46.18000030517578,46.18000030517578,41.50627136230469,1794900
2013-02-22,46.47999954223633,47.029998779296875,46.380001068115234,46.95000076293945,42.19834899902344,1003700
2013-02-21,46.47999954223633,46.619998931884766,46.15999984741211,46.47999954223633,41.77591323852539,1432400
2013-02-20,47.220001220703125,47.38999938964844,46.59000015258789,46.61000061035156,41.89274597167969,1970300
2013-02-19,46.66999816894531,47.2400016784668,46.619998931884766,47.220001220703125,42.441009521484375,1831500
2013-02-15,46.77000045776367,47.09000015258789,46.5099983215332,46.599998474121094,41.883766174316406,2962100
2013-02-14,46.66999816894531,46.9900016784668,46.599998474121094,46.77000045776367,42.036563873291016,1941900
2013-02-13,46.7400016784668,46.900001525878906,46.599998474121094,46.63999938964844,41.919715881347656,2645300
2013-02-12,46.70000076293945,47.04999923706055,46.599998474121094,46.959999084472656,42.01857376098633,1318800
2013-02-11,46.849998474121094,47.0,46.5,46.7599983215332,41.839622497558594,1115900
2013-02-08,46.52000045776367,46.900001525878906,46.459999084472656,46.88999938964844,41.9559440612793,1232800
2013-02-07,46.47999954223633,46.619998931884766,45.9900016784668,46.400001525878906,41.517513275146484,2420000
2013-02-06,46.18000030517578,46.470001220703125,46.16999816894531,46.470001220703125,41.58014678955078,3034800
2013-02-05,46.189998626708984,46.459999084472656,46.029998779296875,46.279998779296875,41.410125732421875,1950900
2013-02-04,46.349998474121094,46.61000061035156,45.9900016784668,46.040000915527344,41.19538116455078,2611500
2013-02-01,45.400001525878906,46.77000045776367,45.400001525878906,46.529998779296875,41.633827209472656,3978600
2013-01-31,45.52000045776367,45.560001373291016,45.16999816894531,45.369998931884766,40.595890045166016,2837600
2013-01-30,45.619998931884766,45.97999954223633,45.5,45.58000183105469,40.78379440307617,2208300
2013-01-29,45.130001068115234,45.77000045776367,45.02000045776367,45.540000915527344,40.748008728027344,2363500
2013-01-28,45.060001373291016,45.209999084472656,44.869998931884766,45.11000061035156,40.36326217651367,2041900
2013-01-25,45.779998779296875,45.84000015258789,44.869998931884766,45.029998779296875,40.29167175292969,2906200
2013-01-24,45.91999816894531,46.150001525878906,44.72999954223633,45.720001220703125,40.909061431884766,3580300
2013-01-23,45.66999816894531,46.59000015258789,45.599998474121094,46.18000030517578,41.3206672668457,3324400
2013-01-22,45.900001525878906,45.90999984741211,45.310001373291016,45.619998931884766,40.81957244873047,1467800
2013-01-18,45.470001220703125,45.849998474121094,45.279998779296875,45.849998474121094,41.025386810302734,1809700
2013-01-17,45.27000045776367,45.68000030517578,45.209999084472656,45.52000045776367,40.7301025390625,1419900
2013-01-16,45.11000061035156,45.310001373291016,44.88999938964844,45.02000045776367,40.2827262878418,1780300
2013-01-15,44.279998779296875,45.16999816894531,44.20000076293945,45.06999969482422,40.32746505737305,2429500
2013-01-14,43.9900016784668,44.369998931884766,43.79999923706055,44.290000915527344,39.62953567504883,1367400
2013-01-11,43.91999816894531,44.0,43.5099983215332,43.84000015258789,39.22689437866211,1414800
2013-01-10,43.95000076293945,43.9900016784668,43.689998626708984,43.88999938964844,39.271636962890625,1579900
2013-01-09,43.810001373291016,43.9900016784668,43.58000183105469,43.77000045776367,39.16425323486328,1513300
2013-01-08,43.7599983215332,44.099998474121094,43.72999954223633,43.77000045776367,39.16425323486328,1533000
2013-01-07,43.70000076293945,43.88999938964844,43.5,43.83000183105469,39.21794128417969,1803600
2013-01-04,43.220001220703125,43.720001220703125,43.0099983215332,43.689998626708984,39.09267044067383,2461500
2013-01-03,43.540000915527344,43.54999923706055,43.20000076293945,43.400001525878906,38.833187103271484,2026700
2013-01-02,43.59000015258789,43.7400016784668,43.220001220703125,43.4900016784668,38.91371154785156,1972400
2012-12-31,42.7400016784668,43.220001220703125,42.630001068115234,43.18000030517578,38.6363410949707,1295200
2012-12-28,43.119998931884766,43.34000015258789,42.79999923706055,42.81999969482422,38.314212799072266,1039500
2012-12-27,43.18000030517578,43.34000015258789,42.7599983215332,43.22999954223633,38.68107986450195,1554200
2012-12-26,43.5,43.61000061035156,42.95000076293945,43.119998931884766,38.582645416259766,1276800
2012-12-24,43.52000045776367,43.68000030517578,43.209999084472656,43.459999084472656,38.88687515258789,643200
2012-12-21,43.439998626708984,43.93000030517578,43.439998626708984,43.63999938964844,39.04792785644531,4012300
2012-12-20,43.75,43.810001373291016,43.470001220703125,43.79999923706055,39.19110107421875,2320400
2012-12-19,43.900001525878906,43.959999084472656,43.459999084472656,43.650001525878906,39.0568733215332,2288500
2012-12-18,43.7599983215332,44.02000045776367,43.54999923706055,43.90999984741211,39.28951644897461,1986200
2012-12-17,43.36000061035156,43.779998779296875,43.27000045776367,43.779998779296875,39.1732063293457,3104700
2012-12-14,42.709999084472656,43.380001068115234,42.619998931884766,43.36000061035156,38.79739761352539,2732300
2012-12-13,42.779998779296875,43.150001525878906,42.54999923706055,42.849998474121094,38.341060638427734,2750300
2012-12-12,43.20000076293945,43.25,42.31999969482422,42.709999084472656,38.215789794921875,6062300
2012-12-11,42.459999084472656,43.18000030517578,42.38999938964844,43.119998931884766,38.582645416259766,4727000
2012-12-10,42.310001373291016,42.5,42.13999938964844,42.22999954223633,37.78630447387695,2517700
2012-12-07,42.779998779296875,42.790000915527344,42.150001525878906,42.27000045776367,37.82209014892578,2496800
2012-12-06,42.33000183105469,42.720001220703125,42.20000076293945,42.560001373291016,38.08157730102539,3122200
2012-12-05,42.75,42.75,42.02000045776367,42.2599983215332,37.813140869140625,2845600
2012-12-04,42.33000183105469,42.849998474121094,42.33000183105469,42.75,38.25157928466797,3092100
2012-12-03,42.2599983215332,42.59000015258789,42.189998626708984,42.40999984741211,37.94736862182617,2844200
2012-11-30,41.560001373291016,42.2400016784668,41.470001220703125,42.220001220703125,37.7773551940918,3277300
2012-11-29,41.4900016784668,41.779998779296875,41.34000015258789,41.52000045776367,37.15100860595703,2530000
2012-11-28,41.15999984741211,41.290000915527344,40.84000015258789,41.20000076293945,36.864688873291016,2302100
2012-11-27,41.18000030517578,41.5099983215332,41.08000183105469,41.220001220703125,36.88258361816406,2337700
2012-11-26,41.349998474121094,41.4900016784668,41.150001525878906,41.45000076293945,37.088375091552734,2611200
2012-11-23,40.849998474121094,41.4900016784668,40.81999969482422,41.380001068115234,37.02573776245117,1370500
2012-11-21,40.779998779296875,40.90999984741211,40.689998626708984,40.849998474121094,36.551509857177734,1650100
2012-11-20,40.619998931884766,40.79999923706055,40.400001525878906,40.79999923706055,36.50679016113281,1960700
2012-11-19,40.47999954223633,40.790000915527344,40.369998931884766,40.689998626708984,36.40834045410156,1414800
2012-11-16,40.22999954223633,40.459999084472656,39.939998626708984,40.2599983215332,36.023590087890625,2304800
2012-11-15,40.150001525878906,40.36000061035156,39.900001525878906,40.15999984741211,35.93413162231445,2237500
2012-11-14,40.34000015258789,40.939998626708984,40.119998931884766,40.209999084472656,35.79095458984375,2114000
2012-11-13,40.0,40.9900016784668,39.900001525878906,40.709999084472656,36.23601150512695,2856100
2012-11-12,40.599998474121094,40.599998474121094,39.91999816894531,40.060001373291016,35.65744400024414,1815100
2012-11-09,40.25,40.81999969482422,40.029998779296875,40.470001220703125,36.02239227294922,2405500
2012-11-08,40.650001525878906,40.849998474121094,39.93000030517578,40.33000183105469,35.89777755737305,2930400
2012-11-07,40.130001068115234,40.970001220703125,39.650001525878906,40.7599983215332,36.280517578125,3220200
2012-11-06,40.25,40.619998931884766,40.0,40.36000061035156,35.924468994140625,1893000
2012-11-05,40.279998779296875,40.58000183105469,40.119998931884766,40.2599983215332,35.8354606628418,1598100
2012-11-02,41.0,41.22999954223633,40.47999954223633,40.5,36.04907989501953,2077400
2012-11-01,39.54999923706055,41.119998931884766,39.5099983215332,40.91999816894531,36.42292785644531,4492300
2012-10-31,39.619998931884766,39.88999938964844,39.279998779296875,39.439998626708984,35.10557174682617,3317600
2012-10-26,39.790000915527344,39.900001525878906,39.220001220703125,39.34000015258789,35.01657485961914,2596300
2012-10-25,39.97999954223633,40.36000061035156,39.40999984741211,39.7599983215332,35.390411376953125,2351900
2012-10-24,39.970001220703125,40.15999984741211,39.630001068115234,39.65999984741211,35.30140686035156,1661800
2012-10-23,40.0,40.130001068115234,39.7599983215332,39.93000030517578,35.54171371459961,2957000
2012-10-22,40.189998626708984,40.560001373291016,39.900001525878906,40.43000030517578,35.986778259277344,1544400
2012-10-19,40.61000061035156,40.63999938964844,40.11000061035156,40.279998779296875,35.853267669677734,2335900
2012-10-18,40.43000030517578,40.849998474121094,40.380001068115234,40.68000030517578,36.209320068359375,1552200
2012-10-17,40.83000183105469,40.95000076293945,40.369998931884766,40.529998779296875,36.07579040527344,2506500
2012-10-16,40.0,40.849998474121094,39.90999984741211,40.75,36.271610260009766,3565300
2012-10-15,39.5,39.93000030517578,39.369998931884766,39.90999984741211,35.523921966552734,1963900
2012-10-12,39.5099983215332,39.720001220703125,39.380001068115234,39.5,35.15898513793945,1762200
2012-10-11,39.5099983215332,39.70000076293945,39.34000015258789,39.470001220703125,35.13228225708008,1702700
2012-10-10,39.560001373291016,39.61000061035156,39.150001525878906,39.38999938964844,35.06107711791992,1753300
2012-10-09,39.720001220703125,39.880001068115234,39.22999954223633,39.68000030517578,35.3192024230957,2042900
2012-10-08,39.470001220703125,39.869998931884766,39.349998474121094,39.779998779296875,35.408206939697266,1206000
2012-10-05,39.439998626708984,39.849998474121094,39.290000915527344,39.52000045776367,35.17679214477539,3017100
2012-10-04,39.22999954223633,39.70000076293945,39.13999938964844,39.36000061035156,35.03437042236328,2978700
2012-10-03,39.04999923706055,39.220001220703125,38.86000061035156,39.060001373291016,34.767337799072266,2072400
2012-10-02,39.029998779296875,39.29999923706055,38.7599983215332,39.029998779296875,34.740631103515625,2337400
2012-10-01,38.790000915527344,39.06999969482422,38.689998626708984,38.9900016784668,34.70503616333008,2001500
2012-09-28,38.95000076293945,39.04999923706055,38.63999938964844,38.709999084472656,34.45580291748047,2983700
2012-09-27,38.70000076293945,39.060001373291016,38.4900016784668,39.02000045776367,34.73173522949219,2086100
2012-09-26,38.900001525878906,39.150001525878906,38.59000015258789,38.650001525878906,34.40239715576172,2684900
2012-09-25,39.36000061035156,39.380001068115234,38.70000076293945,38.849998474121094,34.58041763305664,3363500
2012-09-24,38.86000061035156,39.45000076293945,38.65999984741211,39.36000061035156,35.03437042236328,3135000
2012-09-21,38.459999084472656,39.040000915527344,38.439998626708984,38.970001220703125,34.68722152709961,3339100
2012-09-20,38.0,38.369998931884766,37.650001525878906,38.33000183105469,34.11757278442383,2258900
2012-09-19,38.2599983215332,38.5,38.16999816894531,38.16999816894531,33.97513961791992,2559300
2012-09-18,37.849998474121094,38.34000015258789,37.56999969482422,38.310001373291016,34.099769592285156,3014200
2012-09-17,37.470001220703125,38.029998779296875,37.40999984741211,38.02000045776367,33.84163284301758,3196200
2012-09-14,38.029998779296875,38.189998626708984,37.119998931884766,37.36000061035156,33.2541618347168,6323200
2012-09-13,37.84000015258789,38.13999938964844,37.470001220703125,38.060001373291016,33.87724304199219,3505100
2012-09-12,37.7400016784668,38.599998474121094,37.52000045776367,37.900001525878906,33.734825134277344,2490400
2012-09-11,37.52000045776367,37.810001373291016,37.27000045776367,37.77000045776367,33.619110107421875,3996500
2012-09-10,38.369998931884766,38.369998931884766,38.0099983215332,38.029998779296875,33.85052490234375,1985700
2012-09-07,38.65999984741211,38.7599983215332,38.040000915527344,38.18000030517578,33.98405075073242,2691700
2012-09-06,38.33000183105469,38.84000015258789,38.310001373291016,38.63999938964844,34.39350128173828,2491000
2012-09-05,38.70000076293945,38.790000915527344,38.09000015258789,38.18000030517578,33.98405075073242,3852700
2012-09-04,38.52000045776367,39.0,38.2599983215332,38.779998779296875,34.518096923828125,2333800
2012-08-31,38.18000030517578,38.970001220703125,37.97999954223633,38.52000045776367,34.286685943603516,2988600
2012-08-30,37.58000183105469,38.16999816894531,37.439998626708984,38.099998474121094,33.912837982177734,2373200
2012-08-29,37.630001068115234,37.75,37.40999984741211,37.650001525878906,33.512298583984375,2324900
2012-08-28,37.77000045776367,37.810001373291016,36.72999954223633,37.5,33.37877655029297,4694200
2012-08-27,38.11000061035156,38.15999984741211,37.81999969482422,37.939998626708984,33.77042770385742,2307800
2012-08-24,37.88999938964844,38.2599983215332,37.81999969482422,38.099998474121094,33.912837982177734,2098700
2012-08-23,37.81999969482422,38.150001525878906,37.7599983215332,37.97999954223633,33.80603790283203,2100800
2012-08-22,37.58000183105469,38.06999969482422,37.41999816894531,37.91999816894531,33.752620697021484,2870600
2012-08-21,37.68000030517578,38.060001373291016,37.5,37.560001373291016,33.43218994140625,2310800
2012-08-20,37.400001525878906,37.81999969482422,37.380001068115234,37.709999084472656,33.565696716308594,2482400
2012-08-17,37.22999954223633,37.7400016784668,36.90999984741211,37.540000915527344,33.41439437866211,5940000
2012-08-16,37.5099983215332,37.70000076293945,37.16999816894531,37.58000183105469,33.33427810668945,5691500
2012-08-15,38.36000061035156,38.5099983215332,37.93000030517578,38.02000045776367,33.72456359863281,2724800
2012-08-14,38.689998626708984,38.77000045776367,38.18000030517578,38.290000915527344,33.96406173706055,2322900
2012-08-13,38.59000015258789,38.689998626708984,38.150001525878906,38.59000015258789,34.23017120361328,1628900
2012-08-10,38.70000076293945,38.7400016784668,38.25,38.689998626708984,34.3188591003418,1735100
2012-08-09,38.45000076293945,39.36000061035156,38.45000076293945,38.689998626708984,34.3188591003418,3223400
2012-08-08,39.18000030517578,39.18000030517578,38.63999938964844,38.70000076293945,34.3277473449707,3481800
2012-08-07,39.25,39.599998474121094,39.20000076293945,39.34000015258789,34.89543533325195,2559900
2012-08-06,39.400001525878906,39.65999984741211,39.20000076293945,39.220001220703125,34.78899002075195,2265900
2012-08-03,39.29999923706055,39.7599983215332,39.290000915527344,39.38999938964844,34.93979263305664,4161200
2012-08-02,39.06999969482422,39.279998779296875,38.47999954223633,38.869998931884766,34.47853088378906,3675100
2012-08-01,39.88999938964844,40.11000061035156,39.310001373291016,39.34000015258789,34.89543533325195,3731500
2012-07-31,39.47999954223633,40.20000076293945,39.060001373291016,39.70000076293945,35.21475601196289,9032400
2012-07-30,38.720001220703125,38.7599983215332,38.290000915527344,38.529998779296875,34.17694854736328,2362000
2012-07-27,38.0,38.93000030517578,37.93000030517578,38.65999984741211,34.29227066040039,5499200
2012-07-26,38.18000030517578,38.650001525878906,36.90999984741211,37.959999084472656,33.67135238647461,6481200
2012-07-25,38.380001068115234,38.400001525878906,37.81999969482422,37.95000076293945,33.66249465942383,1626700
2012-07-24,38.779998779296875,38.79999923706055,37.970001220703125,38.20000076293945,33.88423156738281,1436600
2012-07-23,38.95000076293945,38.9900016784668,38.459999084472656,38.650001525878906,34.28339767456055,1916600
2012-07-20,39.400001525878906,39.59000015258789,39.040000915527344,39.209999084472656,34.78013229370117,1786500
2012-07-19,39.72999954223633,39.97999954223633,39.56999969482422,39.72999954223633,35.24136734008789,1437400
2012-07-18,39.790000915527344,40.36000061035156,39.470001220703125,39.75,35.25911331176758,2910600
2012-07-17,39.5099983215332,39.91999816894531,39.189998626708984,39.790000915527344,35.29459762573242,1892600
2012-07-16,39.54999923706055,39.54999923706055,39.290000915527344,39.40999984741211,34.957523345947266,1248800
2012-07-13,39.220001220703125,39.810001373291016,38.91999816894531,39.63999938964844,35.16154479980469,1706300
2012-07-12,39.2599983215332,39.380001068115234,38.779998779296875,39.15999984741211,34.73577880859375,2093400
2012-07-11,38.91999816894531,39.5,38.91999816894531,39.290000915527344,34.85108184814453,2321900
2012-07-10,39.060001373291016,39.220001220703125,38.720001220703125,38.939998626708984,34.54061508178711,2601600
2012-07-09,38.630001068115234,39.040000915527344,38.630001068115234,38.900001525878906,34.505149841308594,1534200
2012-07-06,39.130001068115234,39.43000030517578,38.689998626708984,38.7599983215332,34.38096618652344,2013700
2012-07-05,39.54999923706055,39.75,39.310001373291016,39.459999084472656,35.00188064575195,1223500
2012-07-03,39.849998474121094,39.880001068115234,39.56999969482422,39.779998779296875,35.28571701049805,958600
2012-07-02,39.529998779296875,39.869998931884766,39.400001525878906,39.849998474121094,35.34782028198242,2006400
2012-06-29,39.08000183105469,39.349998474121094,38.91999816894531,39.349998474121094,34.904300689697266,2043900
2012-06-28,37.95000076293945,38.810001373291016,37.5,38.7400016784668,34.36322784423828,2590600
2012-06-27,37.65999984741211,38.20000076293945,37.58000183105469,38.130001068115234,33.82213592529297,1708900
2012-06-26,37.810001373291016,38.0,37.56999969482422,37.709999084472656,33.449588775634766,1814200
2012-06-25,37.58000183105469,37.849998474121094,37.43000030517578,37.75,33.48507308959961,2837600
2012-06-22,37.90999984741211,38.06999969482422,37.58000183105469,37.93000030517578,33.644737243652344,1729700
2012-06-21,38.04999923706055,38.189998626708984,37.61000061035156,37.689998626708984,33.43185043334961,1609400
2012-06-20,37.91999816894531,38.13999938964844,37.619998931884766,37.959999084472656,33.67135238647461,1302100
2012-06-19,37.86000061035156,38.529998779296875,37.779998779296875,38.040000915527344,33.74230194091797,2137600
2012-06-18,37.189998626708984,38.029998779296875,37.119998931884766,37.810001373291016,33.538291931152344,1682400
2012-06-15,37.150001525878906,37.29999923706055,36.900001525878906,37.290000915527344,33.07703399658203,2612100
2012-06-14,36.7599983215332,37.119998931884766,36.68000030517578,36.959999084472656,32.784332275390625,1575700
2012-06-13,36.900001525878906,37.060001373291016,36.349998474121094,36.45000076293945,32.33194351196289,2026700
2012-06-12,36.470001220703125,37.02000045776367,36.209999084472656,37.0,32.81980514526367,2301700
2012-06-11,37.290000915527344,37.290000915527344,36.459999084472656,36.459999084472656,32.340824127197266,1550400
2012-06-08,36.88999938964844,37.27000045776367,36.88999938964844,37.060001373291016,32.87302780151367,1281700
2012-06-07,37.529998779296875,37.58000183105469,36.939998626708984,36.97999954223633,32.80206298828125,1834100
2012-06-06,36.90999984741211,37.31999969482422,36.58000183105469,37.290000915527344,33.07703399658203,1627000
2012-06-05,36.279998779296875,36.810001373291016,36.04999923706055,36.75,32.59804916381836,1654800
2012-06-04,36.2400016784668,36.45000076293945,36.02000045776367,36.40999984741211,32.29645919799805,2551700
2012-06-01,36.650001525878906,36.83000183105469,36.2599983215332,36.279998779296875,32.18114471435547,2200800
2012-05-31,36.79999923706055,37.2599983215332,36.540000915527344,36.9900016784668,32.810943603515625,3966500
2012-05-30,36.36000061035156,37.060001373291016,36.220001220703125,36.849998474121094,32.686737060546875,3984400
2012-05-29,37.0,37.099998474121094,36.38999938964844,36.5099983215332,32.385162353515625,2286200
2012-05-25,36.529998779296875,36.9900016784668,36.439998626708984,36.900001525878906,32.73110580444336,1442500
2012-05-24,36.310001373291016,36.560001373291016,36.119998931884766,36.459999084472656,32.340824127197266,1441200
2012-05-23,36.13999938964844,36.5,35.97999954223633,36.310001373291016,32.20775604248047,2000000
2012-05-22,36.68000030517578,36.72999954223633,36.09000015258789,36.25,32.154541015625,2029100
2012-05-21,35.97999954223633,36.41999816894531,35.970001220703125,36.08000183105469,32.00374984741211,1959600
2012-05-18,36.45000076293945,36.65999984741211,35.939998626708984,35.9900016784668,31.923917770385742,3549300
2012-05-17,36.52000045776367,36.7599983215332,36.439998626708984,36.439998626708984,32.323081970214844,2473900
2012-05-16,36.540000915527344,37.0099983215332,36.47999954223633,36.70000076293945,32.438392639160156,3174600
2012-05-15,36.540000915527344,36.88999938964844,36.349998474121094,36.400001525878906,32.173221588134766,1947600
2012-05-14,36.36000061035156,36.869998931884766,36.2400016784668,36.650001525878906,32.394195556640625,1931800
2012-05-11,36.45000076293945,37.029998779296875,36.45000076293945,36.619998931884766,32.36768341064453,1847100
2012-05-10,36.36000061035156,37.119998931884766,36.279998779296875,36.58000183105469,32.33231735229492,4883100
2012-05-09,35.91999816894531,36.25,35.59000015258789,36.0099983215332,31.828510284423828,2492400
2012-05-08,35.68000030517578,36.220001220703125,35.47999954223633,36.15999984741211,31.961095809936523,4819800
2012-05-07,36.11000061035156,36.310001373291016,35.88999938964844,35.95000076293945,31.77547264099121,3622400
2012-05-04,36.540000915527344,36.619998931884766,36.150001525878906,36.16999816894531,31.969932556152344,2117100
2012-05-03,37.15999984741211,37.189998626708984,36.439998626708984,36.54999923706055,32.30580520629883,3201400
2012-05-02,37.25,37.5099983215332,37.13999938964844,37.209999084472656,32.889163970947266,2158700
2012-05-01,37.060001373291016,37.58000183105469,36.900001525878906,37.29999923706055,32.96870803833008,4151300
2012-04-30,36.849998474121094,37.33000183105469,36.810001373291016,37.209999084472656,32.889163970947266,2093400
2012-04-27,37.150001525878906,37.20000076293945,36.599998474121094,36.900001525878906,32.61516571044922,3167000
2012-04-26,37.869998931884766,37.869998931884766,36.869998931884766,36.970001220703125,32.67703628540039,4175200
2012-04-25,37.70000076293945,38.16999816894531,37.5099983215332,37.849998474121094,33.454856872558594,2965800
2012-04-24,37.41999816894531,37.720001220703125,37.22999954223633,37.5,33.14548873901367,2520300
2012-04-23,36.79999923706055,37.68000030517578,36.279998779296875,37.4900016784668,33.136653900146484,2768900
2012-04-20,37.709999084472656,37.900001525878906,37.52000045776367,37.75,33.36646270751953,2240500
2012-04-19,37.540000915527344,37.7400016784668,37.22999954223633,37.47999954223633,33.127811431884766,2585400
2012-04-18,38.11000061035156,38.20000076293945,37.40999984741211,37.45000076293945,33.10129928588867,3737000
2012-04-17,37.70000076293945,38.380001068115234,37.599998474121094,38.220001220703125,33.78187942504883,2317000
2012-04-16,37.619998931884766,37.72999954223633,37.38999938964844,37.47999954223633,33.127811431884766,2757300
2012-04-13,38.029998779296875,38.34000015258789,37.4900016784668,37.529998779296875,33.17201232910156,3816300
2012-04-12,39.0,39.4900016784668,38.779998779296875,38.810001373291016,34.303375244140625,3371600
2012-04-11,38.720001220703125,38.849998474121094,38.52000045776367,38.779998779296875,34.27684783935547,2632900
2012-04-10,38.459999084472656,38.86000061035156,38.25,38.38999938964844,33.93214416503906,3277700
2012-04-09,38.099998474121094,38.70000076293945,37.650001525878906,38.439998626708984,33.97633743286133,2507400
2012-04-05,38.279998779296875,38.540000915527344,38.20000076293945,38.220001220703125,33.78187942504883,2421900
2012-04-04,38.400001525878906,38.790000915527344,38.29999923706055,38.47999954223633,34.01168441772461,2198700
2012-04-03,39.130001068115234,39.220001220703125,38.459999084472656,38.68000030517578,34.1884651184082,2894800
2012-04-02,39.70000076293945,39.7400016784668,39.029998779296875,39.189998626708984,34.639251708984375,2359400
2012-03-30,39.4900016784668,39.7599983215332,39.150001525878906,39.65999984741211,35.05467224121094,2769300
2012-03-29,38.84000015258789,39.27000045776367,38.83000183105469,39.20000076293945,34.64808654785156,1860700
2012-03-28,39.470001220703125,39.66999816894531,38.95000076293945,39.08000183105469,34.54202651977539,1812800
2012-03-27,39.68000030517578,39.70000076293945,39.38999938964844,39.47999954223633,34.895565032958984,2265900
2012-03-26,39.150001525878906,39.599998474121094,39.0099983215332,39.599998474121094,35.00163269042969,2328100
2012-03-23,38.13999938964844,39.20000076293945,38.13999938964844,38.959999084472656,34.435951232910156,2965500
2012-03-22,38.279998779296875,38.7400016784668,38.2599983215332,38.290000915527344,33.843753814697266,2283300
2012-03-21,38.689998626708984,38.790000915527344,38.52000045776367,38.560001373291016,34.0824089050293,2665800
2012-03-20,38.29999923706055,38.849998474121094,38.29999923706055,38.810001373291016,34.303375244140625,3602800
2012-03-19,38.220001220703125,38.68000030517578,38.119998931884766,38.560001373291016,34.0824089050293,2628500
2012-03-16,38.060001373291016,38.540000915527344,38.060001373291016,38.31999969482422,33.87028503417969,3077500
2012-03-15,38.2400016784668,38.25,37.810001373291016,37.90999984741211,33.50788497924805,2487700
2012-03-14,37.880001068115234,38.5099983215332,37.81999969482422,38.2400016784668,33.799564361572266,3182500
2012-03-13,37.97999954223633,38.099998474121094,37.650001525878906,38.02000045776367,33.6051025390625,3130600
2012-03-12,37.790000915527344,38.04999923706055,37.70000076293945,37.7400016784668,33.357627868652344,1948200
2012-03-09,37.45000076293945,37.95000076293945,37.380001068115234,37.86000061035156,33.46369552612305,3661500
2012-03-08,37.0,37.5099983215332,36.90999984741211,37.45000076293945,33.10129928588867,3583900
2012-03-07,36.400001525878906,36.90999984741211,36.310001373291016,36.849998474121094,32.570953369140625,1638900
2012-03-06,36.36000061035156,36.810001373291016,36.20000076293945,36.279998779296875,32.0671501159668,3321300
2012-03-05,36.540000915527344,36.880001068115234,36.459999084472656,36.54999923706055,32.30580520629883,2289400
2012-03-02,37.220001220703125,37.29999923706055,36.560001373291016,36.59000015258789,32.34116744995117,2262500
2012-03-01,37.189998626708984,37.619998931884766,37.189998626708984,37.29999923706055,32.96870803833008,2821500
2012-02-29,37.65999984741211,37.790000915527344,37.31999969482422,37.369998931884766,33.030582427978516,2770600
2012-02-28,37.709999084472656,37.869998931884766,37.58000183105469,37.70000076293945,33.322265625,1985800
2012-02-27,37.470001220703125,37.84000015258789,37.45000076293945,37.70000076293945,33.322265625,2284200
2012-02-24,37.380001068115234,37.75,37.130001068115234,37.70000076293945,33.322265625,2312500
2012-02-23,36.88999938964844,37.45000076293945,36.88999938964844,37.439998626708984,33.09246063232422,2907200
2012-02-22,36.279998779296875,36.84000015258789,36.220001220703125,36.79999923706055,32.52676773071289,4185800
2012-02-21,36.70000076293945,36.7599983215332,36.11000061035156,36.189998626708984,31.98760223388672,3091000
2012-02-17,37.040000915527344,37.150001525878906,36.560001373291016,36.68000030517578,32.42072677612305,3168100
2012-02-16,36.650001525878906,36.9900016784668,36.61000061035156,36.959999084472656,32.66819763183594,2789800
2012-02-15,37.58000183105469,37.720001220703125,36.63999938964844,36.709999084472656,32.44722366333008,3655400
2012-02-14,37.13999938964844,37.79999923706055,37.13999938964844,37.54999923706055,33.074771881103516,4704100
2012-02-13,37.68000030517578,38.04999923706055,36.90999984741211,37.209999084472656,32.775299072265625,8235000
2012-02-10,38.810001373291016,38.880001068115234,38.380001068115234,38.599998474121094,33.999637603759766,1855400
2012-02-09,39.33000183105469,39.33000183105469,38.95000076293945,38.970001220703125,34.325538635253906,1483600
2012-02-08,38.97999954223633,39.52000045776367,38.72999954223633,39.349998474121094,34.660247802734375,2135300
2012-02-07,38.849998474121094,38.970001220703125,38.459999084472656,38.869998931884766,34.23745346069336,2037800
2012-02-06,39.099998474121094,39.31999969482422,38.849998474121094,38.97999954223633,34.3343391418457,2548000
2012-02-03,39.54999923706055,39.720001220703125,39.08000183105469,39.22999954223633,34.55455780029297,2692100
2012-02-02,39.58000183105469,39.790000915527344,38.93000030517578,39.34000015258789,34.651451110839844,2611700
2012-02-01,39.22999954223633,39.900001525878906,39.130001068115234,39.810001373291016,35.06543731689453,2389200
2012-01-31,39.02000045776367,39.68000030517578,38.86000061035156,38.970001220703125,34.325538635253906,2775600
2012-01-30,38.880001068115234,39.0,38.560001373291016,38.81999969482422,34.193416595458984,3913100
2012-01-27,38.90999984741211,39.650001525878906,38.560001373291016,38.97999954223633,34.3343391418457,3142600
2012-01-26,38.880001068115234,39.33000183105469,37.529998779296875,39.0,34.35197448730469,6379700
2012-01-25,39.45000076293945,39.810001373291016,39.02000045776367,39.720001220703125,34.98615646362305,2231800
2012-01-24,39.630001068115234,39.75,39.470001220703125,39.54999923706055,34.8364143371582,1936900
2012-01-23,39.9900016784668,40.220001220703125,39.459999084472656,39.79999923706055,35.05662155151367,2544300
2012-01-20,39.470001220703125,40.119998931884766,39.349998474121094,40.09000015258789,35.312068939208984,2798400
2012-01-19,38.939998626708984,39.459999084472656,38.72999954223633,39.400001525878906,34.704288482666016,1675100
2012-01-18,38.459999084472656,39.040000915527344,38.189998626708984,39.040000915527344,34.38721466064453,1616000
2012-01-17,38.29999923706055,38.56999969482422,38.099998474121094,38.29999923706055,33.73540115356445,1531300
2012-01-13,38.41999816894531,38.540000915527344,37.68000030517578,37.79999923706055,33.294979095458984,2481300
2012-01-12,38.779998779296875,38.93000030517578,38.56999969482422,38.84000015258789,34.21104431152344,1248100
2012-01-11,38.88999938964844,38.91999816894531,38.45000076293945,38.61000061035156,34.008445739746094,1130800
2012-01-10,38.849998474121094,39.15999984741211,38.68000030517578,39.0099983215332,34.360774993896484,1535300
2012-01-09,38.58000183105469,38.720001220703125,38.150001525878906,38.56999969482422,33.973209381103516,1222700
2012-01-06,38.5,38.720001220703125,38.25,38.59000015258789,33.99082946777344,1775100
2012-01-05,37.88999938964844,38.4900016784668,37.81999969482422,38.4900016784668,33.90275573730469,2376000
2012-01-04,38.060001373291016,38.31999969482422,37.75,38.20000076293945,33.647308349609375,1603000
2012-01-03,37.77000045776367,38.380001068115234,37.68000030517578,38.06999969482422,33.532798767089844,1938000
2011-12-30,37.279998779296875,37.439998626708984,37.16999816894531,37.189998626708984,32.757694244384766,839400
2011-12-29,36.869998931884766,37.400001525878906,36.810001373291016,37.33000183105469,32.88100051879883,893600
2011-12-28,37.72999954223633,37.7599983215332,36.79999923706055,36.83000183105469,32.440589904785156,1306900
2011-12-27,37.31999969482422,37.790000915527344,37.25,37.709999084472656,33.21570587158203,885200
2011-12-23,37.310001373291016,37.459999084472656,37.119998931884766,37.41999816894531,32.96027755737305,1338700
2011-12-22,37.040000915527344,37.33000183105469,36.959999084472656,37.08000183105469,32.660789489746094,1550900
2011-12-21,37.150001525878906,37.29999923706055,36.779998779296875,37.040000915527344,32.62556076049805,1538200
2011-12-20,36.86000061035156,37.290000915527344,36.7400016784668,37.099998474121094,32.678409576416016,2501900
2011-12-19,36.66999816894531,36.900001525878906,36.29999923706055,36.470001220703125,32.123477935791016,2717700
2011-12-16,36.56999969482422,36.9900016784668,36.31999969482422,36.75,32.3701286315918,5807900
2011-12-15,35.86000061035156,36.310001373291016,35.720001220703125,35.79999923706055,31.53334617614746,1831400
2011-12-14,35.630001068115234,35.95000076293945,35.560001373291016,35.56999969482422,31.33074378967285,2847600
2011-12-13,36.060001373291016,36.5,35.77000045776367,35.86000061035156,31.586198806762695,4220000
2011-12-12,36.150001525878906,36.27000045776367,35.72999954223633,35.84000015258789,31.56857681274414,2248200
2011-12-09,36.380001068115234,36.70000076293945,36.220001220703125,36.369998931884766,32.0354118347168,2085300
2011-12-08,36.47999954223633,36.619998931884766,36.220001220703125,36.279998779296875,31.956127166748047,2666200
2011-12-07,36.31999969482422,36.779998779296875,36.220001220703125,36.59000015258789,32.22919845581055,2931500
2011-12-06,36.75,36.93000030517578,36.439998626708984,36.439998626708984,32.097076416015625,2323400
2011-12-05,37.5,37.560001373291016,36.36000061035156,36.61000061035156,32.24681091308594,3056200
2011-12-02,37.599998474121094,37.650001525878906,36.849998474121094,37.0099983215332,32.5991325378418,2119800
2011-12-01,37.02000045776367,37.470001220703125,36.959999084472656,37.2400016784668,32.801727294921875,2250400
2011-11-30,37.310001373291016,37.560001373291016,36.790000915527344,37.150001525878906,32.722450256347656,3386400
2011-11-29,36.65999984741211,36.7400016784668,36.150001525878906,36.380001068115234,32.04421615600586,2799000
2011-11-28,36.86000061035156,37.09000015258789,36.2400016784668,36.439998626708984,32.097076416015625,1670100
2011-11-25,36.380001068115234,36.5099983215332,35.75,35.97999954223633,31.691890716552734,1317100
2011-11-23,36.369998931884766,36.66999816894531,36.06999969482422,36.369998931884766,32.0354118347168,1410500
2011-11-22,36.56999969482422,37.15999984741211,36.36000061035156,36.630001068115234,32.26442337036133,2546400
2011-11-21,36.900001525878906,36.9900016784668,36.2599983215332,36.720001220703125,32.34370422363281,2266500
2011-11-18,37.779998779296875,37.84000015258789,37.25,37.279998779296875,32.83695602416992,1981000
2011-11-17,38.029998779296875,38.18000030517578,37.36000061035156,37.52000045776367,33.04834747314453,1962500
2011-11-16,39.06999969482422,39.06999969482422,38.04999923706055,38.08000183105469,33.42711639404297,1791300
2011-11-15,38.9900016784668,39.459999084472656,38.70000076293945,39.349998474121094,34.54192352294922,1953400
2011-11-14,39.459999084472656,39.720001220703125,39.16999816894531,39.189998626708984,34.401485443115234,1538500
2011-11-11,39.20000076293945,40.06999969482422,39.18000030517578,39.66999816894531,34.82283020019531,1874800
2011-11-10,38.66999816894531,38.90999984741211,38.09000015258789,38.72999954223633,33.9976921081543,1895100
2011-11-09,38.529998779296875,38.970001220703125,37.97999954223633,38.22999954223633,33.558780670166016,3302200
2011-11-08,39.79999923706055,39.79999923706055,39.09000015258789,39.58000183105469,34.74382781982422,1444300
2011-11-07,39.349998474121094,39.72999954223633,38.939998626708984,39.720001220703125,34.8667106628418,1509400
2011-11-04,39.66999816894531,39.79999923706055,38.95000076293945,39.220001220703125,34.42781066894531,2672300
2011-11-03,40.209999084472656,40.47999954223633,39.75,39.91999816894531,35.042293548583984,3183200
2011-11-02,40.5099983215332,40.70000076293945,39.619998931884766,39.869998931884766,34.99838638305664,1972600
2011-11-01,39.5099983215332,40.689998626708984,38.40999984741211,40.040000915527344,35.14761734008789,2762300
2011-10-31,41.81999969482422,41.959999084472656,40.720001220703125,40.79999923706055,35.81476593017578,2971700
2011-10-28,42.31999969482422,42.31999969482422,41.310001373291016,42.08000183105469,36.938350677490234,1890300
2011-10-27,40.95000076293945,42.150001525878906,40.95000076293945,41.97999954223633,36.8505744934082,3019600
2011-10-26,40.27000045776367,41.119998931884766,40.27000045776367,40.900001525878906,35.90254211425781,3778100
2011-10-25,40.2599983215332,40.650001525878906,39.54999923706055,39.599998474121094,34.76137924194336,1897900
2011-10-24,39.84000015258789,40.650001525878906,39.709999084472656,40.650001525878906,35.683082580566406,1734700
2011-10-21,39.16999816894531,39.720001220703125,39.04999923706055,39.709999084472656,34.85794448852539,1627800
2011-10-20,38.38999938964844,38.810001373291016,38.029998779296875,38.75,34.01524353027344,2544000
2011-10-19,38.40999984741211,38.810001373291016,38.029998779296875,38.189998626708984,33.52366638183594,1712900
2011-10-18,37.810001373291016,38.689998626708984,37.400001525878906,38.36000061035156,33.67289733886719,1654200
2011-10-17,37.900001525878906,38.25,37.81999969482422,37.88999938964844,33.26032257080078,1209400
2011-10-14,38.290000915527344,38.470001220703125,37.97999954223633,38.18000030517578,33.514896392822266,1525200
2011-10-13,37.529998779296875,37.97999954223633,37.36000061035156,37.939998626708984,33.30420684814453,2155000
2011-10-12,37.22999954223633,37.900001525878906,36.90999984741211,37.619998931884766,33.023311614990234,3340100
2011-10-11,36.7400016784668,37.130001068115234,36.650001525878906,37.0099983215332,32.48783874511719,1283700
2011-10-10,36.31999969482422,37.189998626708984,36.279998779296875,37.08000183105469,32.549293518066406,1911400
2011-10-07,36.209999084472656,36.41999816894531,35.33000183105469,35.779998779296875,31.40813636779785,3512900
2011-10-06,36.65999984741211,36.65999984741211,34.7400016784668,36.099998474121094,31.689041137695312,5640800
2011-10-05,35.91999816894531,36.90999984741211,35.810001373291016,36.380001068115234,31.934812545776367,4209000
2011-10-04,35.25,36.2599983215332,34.779998779296875,35.91999816894531,31.531024932861328,5200000
2011-10-03,37.0099983215332,37.59000015258789,35.720001220703125,35.7400016784668,31.37302589416504,5382100
2011-09-30,37.470001220703125,38.290000915527344,37.150001525878906,37.27000045776367,32.716064453125,3282600
2011-09-29,39.130001068115234,39.52000045776367,37.369998931884766,37.720001220703125,33.11107635498047,3563100
2011-09-28,39.220001220703125,39.349998474121094,38.56999969482422,38.599998474121094,33.883575439453125,2239800
2011-09-27,39.88999938964844,40.029998779296875,39.0099983215332,39.15999984741211,34.375144958496094,2759000
2011-09-26,37.95000076293945,38.959999084472656,37.279998779296875,38.90999984741211,34.155696868896484,3041400
2011-09-23,37.65999984741211,38.150001525878906,37.400001525878906,37.7599983215332,33.14620590209961,2363900
2011-09-22,37.290000915527344,38.209999084472656,37.20000076293945,38.0,33.35688018798828,3813000
2011-09-21,39.7599983215332,39.95000076293945,38.349998474121094,38.369998931884766,33.681671142578125,1830600
2011-09-20,39.70000076293945,40.369998931884766,39.33000183105469,39.689998626708984,34.84037399291992,2135300
2011-09-19,38.75,39.58000183105469,38.7400016784668,39.40999984741211,34.5945930480957,2454500
2011-09-16,38.779998779296875,39.93000030517578,38.77000045776367,39.310001373291016,34.50682067871094,4420900
2011-09-15,39.58000183105469,39.630001068115234,37.61000061035156,38.58000183105469,33.86600875854492,4256300
2011-09-14,38.70000076293945,39.58000183105469,38.04999923706055,39.16999816894531,34.3839225769043,1985600
2011-09-13,38.08000183105469,38.63999938964844,37.880001068115234,38.52000045776367,33.8133430480957,1959700
2011-09-12,37.709999084472656,38.16999816894531,37.34000015258789,38.08000183105469,33.42711639404297,2708100
2011-09-09,39.36000061035156,39.36000061035156,38.25,38.400001525878906,33.708011627197266,2776300
2011-09-08,39.880001068115234,40.310001373291016,39.56999969482422,39.7400016784668,34.8842887878418,2043300
2011-09-07,39.38999938964844,40.0,39.04999923706055,39.970001220703125,35.08617401123047,1514600
2011-09-06,37.869998931884766,39.09000015258789,37.45000076293945,39.06999969482422,34.2961311340332,3023400
2011-09-02,38.84000015258789,39.599998474121094,38.75,38.810001373291016,34.067909240722656,1987900
2011-09-01,39.47999954223633,40.369998931884766,39.27000045776367,39.47999954223633,34.65604019165039,2773400
2011-08-31,39.66999816894531,40.0,39.279998779296875,39.58000183105469,34.74382781982422,2562300
2011-08-30,38.93000030517578,39.529998779296875,38.779998779296875,39.27000045776367,34.471702575683594,2645200
2011-08-29,38.790000915527344,39.31999969482422,38.790000915527344,39.22999954223633,34.43660354614258,1516900
2011-08-26,37.40999984741211,38.75,36.7400016784668,38.47999954223633,33.77821731567383,2738700
2011-08-25,38.27000045776367,38.47999954223633,37.47999954223633,37.58000183105469,32.988197326660156,2771800
2011-08-24,38.130001068115234,38.43000030517578,37.47999954223633,38.189998626708984,33.52366638183594,3106200
2011-08-23,37.41999816894531,38.290000915527344,37.209999084472656,38.2599983215332,33.58510971069336,3492700
2011-08-22,38.220001220703125,38.2400016784668,37.27000045776367,37.38999938964844,32.82141876220703,3964900
2011-08-19,37.29999923706055,37.95000076293945,37.099998474121094,37.540000915527344,32.953086853027344,3897400
2011-08-18,37.630001068115234,38.130001068115234,37.20000076293945,37.689998626708984,33.084754943847656,5549900
2011-08-17,38.540000915527344,38.95000076293945,38.310001373291016,38.689998626708984,33.86162185668945,2140000
2011-08-16,38.61000061035156,38.720001220703125,37.900001525878906,38.5,33.69532775878906,3827400
2011-08-15,38.810001373291016,38.900001525878906,38.189998626708984,38.88999938964844,34.03666687011719,2849800
2011-08-12,37.849998474121094,38.34000015258789,37.2400016784668,38.29999923706055,33.520286560058594,3838800
2011-08-11,35.720001220703125,38.0,35.5,37.439998626708984,32.767616271972656,3937800
2011-08-10,36.060001373291016,36.33000183105469,35.150001525878906,35.2400016784668,30.84217071533203,4815200
2011-08-09,35.119998931884766,36.709999084472656,34.33000183105469,36.630001068115234,32.0587043762207,7094700
2011-08-08,36.31999969482422,36.529998779296875,34.61000061035156,34.630001068115234,30.30830192565918,4277200
2011-08-05,36.86000061035156,37.279998779296875,35.650001525878906,36.810001373291016,32.21624755859375,4519600
2011-08-04,37.61000061035156,37.810001373291016,36.2599983215332,36.2599983215332,31.734878540039062,4367900
2011-08-03,37.849998474121094,38.209999084472656,37.38999938964844,38.15999984741211,33.39777374267578,4564400
2011-08-02,37.720001220703125,37.88999938964844,37.439998626708984,37.72999954223633,33.02142333984375,5937500
2011-08-01,38.349998474121094,39.310001373291016,36.880001068115234,37.72999954223633,33.02142333984375,6439700
2011-07-29,38.25,38.849998474121094,37.970001220703125,38.310001373291016,33.52904510498047,6162200
2011-07-28,41.869998931884766,42.06999969482422,37.63999938964844,38.720001220703125,33.88788604736328,10974600
2011-07-27,39.77000045776367,40.11000061035156,38.95000076293945,39.0099983215332,34.14168930053711,3377600
2011-07-26,40.2599983215332,40.290000915527344,39.86000061035156,39.93000030517578,34.94688034057617,2142700
2011-07-25,40.33000183105469,40.58000183105469,40.060001373291016,40.349998474121094,35.3144645690918,2825900
2011-07-22,39.88999938964844,40.779998779296875,39.58000183105469,40.52000045776367,35.4632453918457,5589200
2011-07-21,39.75,39.90999984741211,37.619998931884766,39.2599983215332,34.360496520996094,16958600
2011-07-20,41.91999816894531,41.93000030517578,41.58000183105469,41.75,36.53974914550781,1194500
2011-07-19,41.38999938964844,41.880001068115234,41.220001220703125,41.849998474121094,36.627262115478516,1707000
2011-07-18,41.16999816894531,41.689998626708984,40.72999954223633,41.20000076293945,36.058387756347656,1759800
2011-07-15,42.36000061035156,42.36000061035156,41.7400016784668,41.9900016784668,36.749794006347656,1235100
2011-07-14,42.47999954223633,42.9900016784668,42.150001525878906,42.220001220703125,36.95109939575195,1404600
2011-07-13,42.5,42.779998779296875,42.20000076293945,42.31999969482422,37.03861999511719,877000
2011-07-12,42.27000045776367,42.84000015258789,42.20000076293945,42.279998779296875,37.003597259521484,1684100
2011-07-11,42.29999923706055,42.650001525878906,42.11000061035156,42.310001373291016,37.02986145019531,1450400
2011-07-08,42.68000030517578,42.77000045776367,42.36000061035156,42.650001525878906,37.327430725097656,1509200
2011-07-07,43.36000061035156,43.470001220703125,42.84000015258789,43.04999923706055,37.6775016784668,1326300
2011-07-06,42.189998626708984,43.27000045776367,42.08000183105469,43.09000015258789,37.7125244140625,2480600
2011-07-05,42.02000045776367,42.36000061035156,41.91999816894531,42.279998779296875,37.003597259521484,1310800
2011-07-01,41.369998931884766,42.130001068115234,41.18000030517578,42.119998931884766,36.86356735229492,3024100
2011-06-30,41.279998779296875,41.650001525878906,41.22999954223633,41.400001525878906,36.233428955078125,2034000
2011-06-29,41.599998474121094,41.61000061035156,41.06999969482422,41.09000015258789,35.96211624145508,2821400
2011-06-28,40.689998626708984,41.45000076293945,40.689998626708984,41.400001525878906,36.233428955078125,1771900
2011-06-27,39.959999084472656,40.84000015258789,39.79999923706055,40.650001525878906,35.5770263671875,2654500
2011-06-24,41.25,41.34000015258789,40.04999923706055,40.13999938964844,35.13066864013672,2953900
2011-06-23,41.099998474121094,41.380001068115234,40.40999984741211,41.310001373291016,36.15465545654297,2394100
2011-06-22,41.56999969482422,41.65999984741211,41.209999084472656,41.22999954223633,36.08464431762695,1467400
2011-06-21,41.400001525878906,41.720001220703125,41.369998931884766,41.58000183105469,36.390968322753906,1632500
2011-06-20,40.9900016784668,41.43000030517578,40.9900016784668,41.38999938964844,36.224666595458984,1187100
2011-06-17,41.27000045776367,41.459999084472656,40.95000076293945,41.0,35.883338928222656,2009900
2011-06-16,41.11000061035156,41.11000061035156,40.470001220703125,41.060001373291016,35.93586730957031,2474900
2011-06-15,41.04999923706055,41.43000030517578,40.90999984741211,41.040000915527344,35.918357849121094,2211700
2011-06-14,41.08000183105469,41.36000061035156,40.81999969482422,41.2400016784668,36.09339141845703,2133300
2011-06-13,41.130001068115234,41.20000076293945,40.7400016784668,40.79999923706055,35.70831298828125,1808000
2011-06-10,41.459999084472656,41.470001220703125,40.81999969482422,41.119998931884766,35.98835754394531,2951000
2011-06-09,40.970001220703125,41.689998626708984,40.779998779296875,41.540000915527344,36.35596466064453,2498600
2011-06-08,40.7599983215332,41.02000045776367,40.599998474121094,40.970001220703125,35.85710144042969,2485800
2011-06-07,40.63999938964844,41.029998779296875,40.2400016784668,40.90999984741211,35.80458450317383,2631700
2011-06-06,40.220001220703125,40.59000015258789,40.18000030517578,40.45000076293945,35.40198516845703,1747200
2011-06-03,40.25,40.5,40.150001525878906,40.349998474121094,35.3144645690918,1957700
2011-06-02,40.68000030517578,40.810001373291016,40.150001525878906,40.75,35.664546966552734,1682900
2011-06-01,41.09000015258789,41.400001525878906,40.70000076293945,40.709999084472656,35.62953186035156,1635800
2011-05-31,41.36000061035156,41.5099983215332,40.970001220703125,41.220001220703125,36.07588577270508,2189400
2011-05-27,41.2599983215332,41.40999984741211,40.56999969482422,41.060001373291016,35.93586730957031,2430200
2011-05-26,41.5099983215332,41.58000183105469,41.040000915527344,41.43000030517578,36.25969314575195,1416900
2011-05-25,40.900001525878906,41.619998931884766,40.900001525878906,41.52000045776367,36.33845138549805,2202500
2011-05-24,41.36000061035156,41.36000061035156,40.900001525878906,40.90999984741211,35.80458450317383,2035200
2011-05-23,41.13999938964844,41.47999954223633,40.90999984741211,41.349998474121094,36.189674377441406,2167200
2011-05-20,41.75,41.77000045776367,41.4900016784668,41.59000015258789,36.39970779418945,1667100
2011-05-19,42.04999923706055,42.13999938964844,41.599998474121094,41.83000183105469,36.50912094116211,2644900
2011-05-18,42.0099983215332,42.0099983215332,41.70000076293945,41.84000015258789,36.5178337097168,2803200
2011-05-17,42.06999969482422,42.09000015258789,41.349998474121094,42.040000915527344,36.6923942565918,2485300
2011-05-16,41.90999984741211,42.45000076293945,41.79999923706055,42.27000045776367,36.89314270019531,1906100
2011-05-13,42.38999938964844,42.5,41.79999923706055,42.040000915527344,36.6923942565918,1351800
2011-05-12,42.0099983215332,42.4900016784668,41.77000045776367,42.439998626708984,37.04151153564453,2089400
2011-05-11,42.31999969482422,42.5,41.97999954223633,42.209999084472656,36.84077072143555,1972500
2011-05-10,42.2599983215332,42.41999816894531,41.959999084472656,42.310001373291016,36.92806625366211,2074200
2011-05-09,41.45000076293945,42.459999084472656,41.369998931884766,42.220001220703125,36.84950256347656,2335800
2011-05-06,41.310001373291016,41.849998474121094,41.29999923706055,41.470001220703125,36.19490432739258,1860200
2011-05-05,40.61000061035156,41.380001068115234,40.38999938964844,41.029998779296875,35.810882568359375,2363400
2011-05-04,41.099998474121094,41.11000061035156,40.630001068115234,40.7599983215332,35.57522964477539,2743500
2011-05-03,41.16999816894531,41.58000183105469,40.79999923706055,41.150001525878906,35.915611267089844,2324500
2011-05-02,40.7599983215332,41.22999954223633,40.459999084472656,41.16999816894531,35.93306350708008,4350500
2011-04-29,41.15999984741211,41.15999984741211,39.77000045776367,40.63999938964844,35.470489501953125,4500000
2011-04-28,42.18000030517578,42.5,40.22999954223633,41.0,35.784698486328125,5874400
2011-04-27,41.09000015258789,42.119998931884766,41.09000015258789,42.029998779296875,36.68368148803711,3182000
2011-04-26,41.209999084472656,41.529998779296875,40.810001373291016,41.08000183105469,35.8545036315918,1900000
2011-04-25,40.470001220703125,40.970001220703125,40.150001525878906,40.959999084472656,35.74977111816406,2629800
2011-04-21,40.54999923706055,40.599998474121094,40.27000045776367,40.54999923706055,35.39194107055664,1402800
2011-04-20,40.13999938964844,40.66999816894531,40.060001373291016,40.4900016784668,35.33956527709961,1536500
2011-04-19,39.5,39.81999969482422,39.45000076293945,39.77000045776367,34.71115493774414,1869800
2011-04-18,39.310001373291016,39.75,38.86000061035156,39.5,34.47549057006836,2477600
2011-04-15,39.810001373291016,39.93000030517578,39.5,39.59000015258789,34.554054260253906,2685400
2011-04-14,39.47999954223633,39.7400016784668,39.150001525878906,39.63999938964844,34.597679138183594,2028100
2011-04-13,39.779998779296875,39.970001220703125,39.38999938964844,39.650001525878906,34.60641860961914,1832200
2011-04-12,40.0099983215332,40.189998626708984,39.470001220703125,39.599998474121094,34.56277847290039,2775500
2011-04-11,40.290000915527344,40.459999084472656,40.040000915527344,40.13999938964844,35.03408432006836,2097400
2011-04-08,40.86000061035156,40.90999984741211,40.060001373291016,40.20000076293945,35.086456298828125,2541000
2011-04-07,40.209999084472656,40.630001068115234,40.06999969482422,40.58000183105469,35.418113708496094,1831900
2011-04-06,40.75,40.790000915527344,39.630001068115234,40.56999969482422,35.40938186645508,2608700
2011-04-05,40.41999816894531,40.709999084472656,40.2400016784668,40.58000183105469,35.418113708496094,2236500
2011-04-04,40.529998779296875,40.880001068115234,40.2599983215332,40.56999969482422,35.40938186645508,2112800
2011-04-01,39.75,40.560001373291016,39.70000076293945,40.349998474121094,35.217369079589844,4156500
2011-03-31,39.380001068115234,39.619998931884766,39.290000915527344,39.560001373291016,34.527862548828125,1515700
2011-03-30,39.900001525878906,39.900001525878906,39.369998931884766,39.459999084472656,34.44058609008789,2184900
2011-03-29,39.29999923706055,39.849998474121094,39.25,39.72999954223633,34.676239013671875,1710800
2011-03-28,39.34000015258789,39.4900016784668,39.06999969482422,39.380001068115234,34.37076187133789,1990400
2011-03-25,39.06999969482422,39.47999954223633,39.06999969482422,39.290000915527344,34.29220199584961,2379300
2011-03-24,38.29999923706055,39.20000076293945,38.220001220703125,39.060001373291016,34.091461181640625,2518000
2011-03-23,38.02000045776367,38.29999923706055,37.83000183105469,38.150001525878906,33.29722213745117,2394200
2011-03-22,37.900001525878906,38.45000076293945,37.900001525878906,38.29999923706055,33.428138732910156,2660600
2011-03-21,37.61000061035156,38.459999084472656,37.5099983215332,37.849998474121094,33.03538131713867,2708100
2011-03-18,36.959999084472656,37.54999923706055,36.86000061035156,37.29999923706055,32.55533981323242,2980800
2011-03-17,36.959999084472656,37.119998931884766,36.52000045776367,36.619998931884766,31.96184730529785,2515900
2011-03-16,36.279998779296875,36.91999816894531,35.95000076293945,36.599998474121094,31.944368362426758,4613900
2011-03-15,36.150001525878906,36.709999084472656,35.97999954223633,36.439998626708984,31.80473518371582,3518800
2011-03-14,36.66999816894531,37.09000015258789,36.5,36.619998931884766,31.96184730529785,1906200
2011-03-11,37.2599983215332,37.7400016784668,36.869998931884766,37.02000045776367,32.31096267700195,2184500
2011-03-10,38.130001068115234,38.130001068115234,37.470001220703125,37.540000915527344,32.76481628417969,1572700
2011-03-09,37.40999984741211,38.83000183105469,37.220001220703125,38.45000076293945,33.55906295776367,3535600
2011-03-08,37.279998779296875,37.709999084472656,37.150001525878906,37.54999923706055,32.7735481262207,1282600
2011-03-07,37.81999969482422,37.970001220703125,37.08000183105469,37.29999923706055,32.55533981323242,2032900
2011-03-04,37.66999816894531,37.720001220703125,37.20000076293945,37.66999816894531,32.87828063964844,2064600
2011-03-03,37.47999954223633,37.779998779296875,37.290000915527344,37.61000061035156,32.8259162902832,2246400
2011-03-02,37.34000015258789,37.599998474121094,37.099998474121094,37.15999984741211,32.43315124511719,2330500
2011-03-01,37.90999984741211,37.9900016784668,37.29999923706055,37.310001373291016,32.5640754699707,2060000
2011-02-28,37.5099983215332,37.95000076293945,37.5099983215332,37.90999984741211,33.087764739990234,2546100
2011-02-25,36.869998931884766,37.43000030517578,36.7400016784668,37.38999938964844,32.63389587402344,1322400
2011-02-24,36.95000076293945,36.970001220703125,36.34000015258789,36.72999954223633,32.057857513427734,1796100
2011-02-23,37.29999923706055,37.29999923706055,36.619998931884766,36.84000015258789,32.15385055541992,2384300
2011-02-22,37.2599983215332,37.79999923706055,37.029998779296875,37.400001525878906,32.642635345458984,2634300
2011-02-18,37.349998474121094,37.79999923706055,37.2599983215332,37.790000915527344,32.9830207824707,2326900
2011-02-17,36.380001068115234,37.5099983215332,35.4900016784668,37.43000030517578,32.66880416870117,3588500
2011-02-16,36.599998474121094,36.650001525878906,35.9900016784668,36.369998931884766,31.74363899230957,2331400
2011-02-15,36.68000030517578,36.880001068115234,36.41999816894531,36.599998474121094,31.857105255126953,1608900
2011-02-14,36.56999969482422,36.88999938964844,36.52000045776367,36.869998931884766,32.09211349487305,1829600
2011-02-11,36.540000915527344,36.75,36.400001525878906,36.65999984741211,31.909324645996094,1695500
2011-02-10,36.58000183105469,36.709999084472656,36.29999923706055,36.709999084472656,31.952842712402344,1595800
2011-02-09,36.45000076293945,36.70000076293945,36.29999923706055,36.66999816894531,31.918025970458984,1700000
2011-02-08,35.810001373291016,36.7400016784668,35.810001373291016,36.560001373291016,31.82229995727539,2206500
2011-02-07,36.790000915527344,37.08000183105469,36.41999816894531,36.47999954223633,31.752656936645508,2523900
2011-02-04,35.380001068115234,36.709999084472656,34.400001525878906,36.560001373291016,31.82229995727539,4428100
2011-02-03,35.720001220703125,35.86000061035156,34.56999969482422,35.38999938964844,30.803895950317383,4873000
2011-02-02,35.58000183105469,36.290000915527344,35.310001373291016,35.52000045776367,30.917055130004883,3929500
2011-02-01,36.11000061035156,36.79999923706055,36.11000061035156,36.290000915527344,31.58727264404297,4903200
2011-01-31,36.13999938964844,36.380001068115234,35.84000015258789,35.86000061035156,31.213008880615234,2035100
2011-01-28,36.900001525878906,37.0,35.95000076293945,36.0,31.33485221862793,1931100
2011-01-27,36.5099983215332,37.08000183105469,36.47999954223633,36.81999969482422,32.048587799072266,3558200
2011-01-26,36.08000183105469,36.689998626708984,36.0099983215332,36.38999938964844,31.67432975769043,2804500
2011-01-25,36.189998626708984,36.310001373291016,35.75,35.95000076293945,31.29134178161621,2613600
2011-01-24,36.029998779296875,36.41999816894531,36.029998779296875,36.290000915527344,31.58727264404297,2464900
2011-01-21,35.869998931884766,36.29999923706055,35.720001220703125,36.099998474121094,31.421911239624023,5801200
2011-01-20,35.619998931884766,35.790000915527344,35.040000915527344,35.720001220703125,31.091150283813477,2324600
2011-01-19,36.08000183105469,36.150001525878906,35.38999938964844,35.54999923706055,30.943159103393555,2099900
2011-01-18,35.439998626708984,36.2599983215332,35.400001525878906,36.16999816894531,31.482831954956055,4899100
2011-01-14,35.279998779296875,35.45000076293945,34.939998626708984,35.43000030517578,30.838729858398438,2547600
2011-01-13,34.900001525878906,35.380001068115234,34.7400016784668,35.380001068115234,30.795207977294922,2058400
2011-01-12,35.209999084472656,35.25,34.7599983215332,34.86000061035156,30.34258460998535,1728600
2011-01-11,34.83000183105469,35.2400016784668,34.75,35.06999969482422,30.525375366210938,1931700
2011-01-10,34.86000061035156,34.91999816894531,34.560001373291016,34.72999954223633,30.229433059692383,2206900
2011-01-07,34.81999969482422,35.0,34.63999938964844,34.93000030517578,30.403518676757812,2971000
2011-01-06,34.400001525878906,35.02000045776367,34.34000015258789,34.86000061035156,30.34258460998535,3344200
2011-01-05,33.93000030517578,34.4900016784668,33.91999816894531,34.459999084472656,29.994426727294922,3705900
2011-01-04,34.43000030517578,34.47999954223633,33.90999984741211,33.939998626708984,29.541805267333984,2066300
2011-01-03,34.2599983215332,34.880001068115234,34.25,34.31999969482422,29.87255859375,2607800
2010-12-31,34.119998931884766,34.27000045776367,34.060001373291016,34.119998931884766,29.698482513427734,1096500
2010-12-30,34.59000015258789,34.59000015258789,34.13999938964844,34.220001220703125,29.78553009033203,1538500
2010-12-29,34.27000045776367,34.720001220703125,34.220001220703125,34.63999938964844,30.151105880737305,1551800
2010-12-28,34.349998474121094,34.470001220703125,34.11000061035156,34.189998626708984,29.75941276550293,1160200
2010-12-27,34.25,34.45000076293945,34.119998931884766,34.29999923706055,29.855154037475586,1988700
2010-12-23,34.08000183105469,34.5,34.06999969482422,34.400001525878906,29.942197799682617,2254100
2010-12-22,33.70000076293945,34.5,33.66999816894531,34.13999938964844,29.71588897705078,3020500
2010-12-21,33.36000061035156,33.7599983215332,33.36000061035156,33.7400016784668,29.36772918701172,3743000
2010-12-20,33.380001068115234,33.470001220703125,33.18000030517578,33.380001068115234,29.05437660217285,1933700
2010-12-17,32.7599983215332,33.45000076293945,32.52000045776367,33.18000030517578,28.880298614501953,3874200
2010-12-16,32.349998474121094,32.75,31.899999618530273,32.68000030517578,28.445087432861328,3014000
2010-12-15,31.899999618530273,32.45000076293945,31.8799991607666,32.27000045776367,28.088211059570312,4239900
2010-12-14,31.670000076293945,32.09000015258789,31.59000015258789,31.940000534057617,27.80098533630371,2895000
2010-12-13,32.150001525878906,32.16999816894531,31.270000457763672,31.420000076293945,27.348365783691406,3071500
2010-12-10,31.729999542236328,32.11000061035156,31.68000030517578,32.11000061035156,27.94894790649414,1873500
2010-12-09,31.90999984741211,32.11000061035156,31.579999923706055,31.709999084472656,27.600784301757812,1337600
2010-12-08,32.290000915527344,32.310001373291016,31.579999923706055,31.719999313354492,27.6094913482666,2421200
2010-12-07,32.400001525878906,32.5,32.18000030517578,32.279998779296875,28.096925735473633,2471000
2010-12-06,32.13999938964844,32.290000915527344,31.959999084472656,32.18000030517578,28.00988006591797,2095800
2010-12-03,31.760000228881836,32.20000076293945,31.6299991607666,32.13999938964844,27.975061416625977,2521700
2010-12-02,31.540000915527344,31.93000030517578,31.43000030517578,31.8799991607666,27.748760223388672,2294100
2010-12-01,31.15999984741211,31.639999389648438,31.06999969482422,31.549999237060547,27.461523056030273,3372000
2010-11-30,30.610000610351562,30.959999084472656,30.559999465942383,30.850000381469727,26.852230072021484,3506400
2010-11-29,30.690000534057617,31.06999969482422,30.559999465942383,30.860000610351562,26.860942840576172,3589700
2010-11-26,30.690000534057617,30.90999984741211,30.510000228881836,30.889999389648438,26.88704490661621,611300
2010-11-24,31.010000228881836,31.219999313354492,30.739999771118164,30.940000534057617,26.930570602416992,1657500
2010-11-23,30.850000381469727,31.049999237060547,30.690000534057617,30.950000762939453,26.939268112182617,2376900
2010-11-22,30.940000534057617,31.229999542236328,30.940000534057617,31.110000610351562,27.078540802001953,3927100
2010-11-19,31.420000076293945,31.469999313354492,30.989999771118164,31.020000457763672,27.000198364257812,3547300
2010-11-18,30.889999389648438,31.520000457763672,30.700000762939453,31.440000534057617,27.36577033996582,4653700
2010-11-17,31.0,31.049999237060547,30.700000762939453,30.770000457763672,26.695560455322266,1715600
2010-11-16,31.110000610351562,31.350000381469727,30.770000457763672,30.989999771118164,26.886425018310547,2288600
2010-11-15,31.31999969482422,31.579999923706055,31.190000534057617,31.40999984741211,27.250808715820312,2081300
2010-11-12,31.510000228881836,31.56999969482422,31.190000534057617,31.31999969482422,27.172727584838867,1727700
2010-11-11,31.329999923706055,31.65999984741211,31.059999465942383,31.6299991607666,27.44167137145996,2014600
2010-11-10,30.739999771118164,31.489999771118164,30.6200008392334,31.469999313354492,27.302865982055664,3667800
2010-11-09,31.479999542236328,31.489999771118164,30.729999542236328,30.829999923706055,26.74761199951172,3959100
2010-11-08,31.510000228881836,31.690000534057617,31.329999923706055,31.450000762939453,27.28551483154297,2890300
2010-11-05,31.90999984741211,32.08000183105469,31.639999389648438,31.68000030517578,27.485057830810547,2586700
2010-11-04,31.950000762939453,32.099998474121094,31.81999969482422,31.959999084472656,27.727985382080078,3911700
2010-11-03,32.06999969482422,32.16999816894531,31.5,31.68000030517578,27.485057830810547,4135200
2010-11-02,33.029998779296875,33.22999954223633,31.100000381469727,31.950000762939453,27.71930694580078,7579600
2010-11-01,32.91999816894531,33.36000061035156,32.4900016784668,32.790000915527344,28.44808006286621,4261400
2010-10-29,33.310001373291016,33.349998474121094,32.70000076293945,32.83000183105469,28.482778549194336,3299100
2010-10-28,33.439998626708984,33.83000183105469,32.939998626708984,33.40999984741211,28.985979080200195,3152600
2010-10-27,32.939998626708984,33.439998626708984,32.630001068115234,33.220001220703125,28.82114028930664,4384700
2010-10-26,31.940000534057617,33.13999938964844,31.709999084472656,32.43000030517578,28.135751724243164,4875000
2010-10-25,32.189998626708984,32.81999969482422,32.0099983215332,32.029998779296875,27.788705825805664,3468900
2010-10-22,32.33000183105469,32.45000076293945,32.040000915527344,32.060001373291016,27.81474494934082,2109500
2010-10-21,32.02000045776367,32.5099983215332,31.780000686645508,32.36000061035156,28.075027465820312,3590100
2010-10-20,31.65999984741211,31.979999542236328,31.649999618530273,31.84000015258789,27.623865127563477,1974600
2010-10-19,32.029998779296875,32.029998779296875,31.3799991607666,31.559999465942383,27.38094711303711,2378500
2010-10-18,32.34000015258789,32.529998779296875,32.189998626708984,32.34000015258789,28.05766487121582,2562300
2010-10-15,32.5,32.599998474121094,32.18000030517578,32.290000915527344,28.014278411865234,2340500
2010-10-14,32.38999938964844,32.5,32.04999923706055,32.310001373291016,28.031641006469727,2336000
2010-10-13,32.150001525878906,32.400001525878906,32.060001373291016,32.369998931884766,28.083690643310547,1826400
2010-10-12,31.68000030517578,32.119998931884766,31.68000030517578,32.060001373291016,27.81474494934082,2549500
2010-10-11,31.760000228881836,32.15999984741211,31.739999771118164,31.790000915527344,27.58049201965332,1929100
2010-10-08,31.649999618530273,31.84000015258789,31.489999771118164,31.670000076293945,27.476377487182617,2138500
2010-10-07,31.579999923706055,32.099998474121094,31.489999771118164,31.690000534057617,27.493736267089844,4443100
2010-10-06,31.420000076293945,31.420000076293945,31.020000457763672,31.34000015258789,27.19008445739746,2642000
2010-10-05,30.809999465942383,31.670000076293945,30.809999465942383,31.5,27.328893661499023,3300800
2010-10-04,30.809999465942383,30.969999313354492,30.549999237060547,30.739999771118164,26.669527053833008,3112900
2010-10-01,30.850000381469727,30.969999313354492,30.399999618530273,30.850000381469727,26.764965057373047,3298300
2010-09-30,30.90999984741211,31.139999389648438,30.260000228881836,30.65999984741211,26.600120544433594,3907500
2010-09-29,31.040000915527344,31.1299991607666,30.709999084472656,30.760000228881836,26.68688201904297,3081100
2010-09-28,31.09000015258789,31.209999084472656,30.610000610351562,31.170000076293945,27.042591094970703,2811000
2010-09-27,31.200000762939453,31.81999969482422,30.530000686645508,30.950000762939453,26.85172462463379,4630300
2010-09-24,30.610000610351562,31.3700008392334,30.610000610351562,31.350000381469727,27.198759078979492,2270500
2010-09-23,30.239999771118164,30.90999984741211,30.049999237060547,30.34000015258789,26.322492599487305,3445800
2010-09-22,30.700000762939453,30.729999542236328,30.34000015258789,30.420000076293945,26.391902923583984,3857000
2010-09-21,30.639999389648438,30.84000015258789,30.43000030517578,30.790000915527344,26.712907791137695,2772600
2010-09-20,30.200000762939453,30.690000534057617,30.139999389648438,30.639999389648438,26.582775115966797,2027000
2010-09-17,30.260000228881836,30.5,30.049999237060547,30.18000030517578,26.183677673339844,2755400
2010-09-16,30.18000030517578,30.229999542236328,29.829999923706055,30.1299991607666,26.140302658081055,3481000
2010-09-15,29.040000915527344,30.56999969482422,28.950000762939453,30.25,26.24441909790039,5616000
2010-09-14,28.3799991607666,29.139999389648438,28.3799991607666,29.09000015258789,25.23801612854004,2814700
2010-09-13,28.700000762939453,28.790000915527344,28.3799991607666,28.5,24.726139068603516,1718200
2010-09-10,28.280000686645508,28.510000228881836,28.149999618530273,28.469999313354492,24.700111389160156,1613100
2010-09-09,28.239999771118164,28.360000610351562,28.1299991607666,28.25,24.509239196777344,1311300
2010-09-08,27.940000534057617,28.18000030517578,27.940000534057617,28.049999237060547,24.335729598999023,1581600
2010-09-07,27.989999771118164,28.200000762939453,27.739999771118164,28.030000686645508,24.318382263183594,2118200
2010-09-03,28.18000030517578,28.760000228881836,27.90999984741211,28.079999923706055,24.361757278442383,3637800
2010-09-02,27.989999771118164,28.270000457763672,27.860000610351562,28.079999923706055,24.361757278442383,2729600
2010-09-01,27.459999084472656,28.280000686645508,27.459999084472656,27.969999313354492,24.266324996948242,2825800
2010-08-31,27.440000534057617,27.690000534057617,27.209999084472656,27.280000686645508,23.667692184448242,2544700
2010-08-30,27.360000610351562,27.899999618530273,27.329999923706055,27.6200008392334,23.962671279907227,3629600
2010-08-27,27.75,27.75,27.09000015258789,27.729999542236328,24.058101654052734,3040100
2010-08-26,28.0,28.059999465942383,27.5,27.639999389648438,23.98002052307129,2269300
2010-08-25,27.700000762939453,28.06999969482422,27.5,27.920000076293945,24.222951889038086,2871800
2010-08-24,28.299999237060547,28.299999237060547,27.790000915527344,27.8700008392334,24.1795597076416,2736100
2010-08-23,29.0,29.229999542236328,28.520000457763672,28.540000915527344,24.76084327697754,2903500
2010-08-20,28.8700008392334,29.059999465942383,28.719999313354492,28.920000076293945,25.090524673461914,2571100
2010-08-19,29.299999237060547,29.40999984741211,28.75,29.170000076293945,25.238018035888672,2647100
2010-08-18,29.450000762939453,29.760000228881836,29.15999984741211,29.459999084472656,25.48892593383789,2603700
2010-08-17,28.950000762939453,29.559999465942383,28.729999542236328,29.489999771118164,25.514875411987305,2908500
2010-08-16,28.75,29.030000686645508,28.510000228881836,28.709999084472656,24.84002113342285,2586000
2010-08-13,29.010000228881836,29.1299991607666,28.690000534057617,29.040000915527344,25.12554168701172,1619700
2010-08-12,28.75,29.229999542236328,28.59000015258789,29.149999618530273,25.2207088470459,2301500
2010-08-11,29.540000915527344,29.540000915527344,29.049999237060547,29.1200008392334,25.19475746154785,3260300
2010-08-10,29.899999618530273,30.09000015258789,29.649999618530273,29.969999313354492,25.93018341064453,2854200
2010-08-09,30.260000228881836,30.360000610351562,29.889999389648438,30.049999237060547,25.999399185180664,2534600
2010-08-06,30.149999618530273,30.329999923706055,29.829999923706055,30.239999771118164,26.163787841796875,3252800
2010-08-05,30.079999923706055,30.3700008392334,29.899999618530273,30.34000015258789,26.250307083129883,3031700
2010-08-04,30.030000686645508,30.40999984741211,29.950000762939453,30.360000610351562,26.267614364624023,3213900
2010-08-03,30.600000381469727,30.600000381469727,29.93000030517578,29.979999542236328,25.938827514648438,3742300
2010-08-02,30.280000686645508,30.790000915527344,30.190000534057617,30.579999923706055,26.457956314086914,5920700
2010-07-30,28.649999618530273,30.200000762939453,28.530000686645508,29.969999313354492,25.93018341064453,10124300
2010-07-29,29.309999465942383,29.59000015258789,28.6299991607666,28.979999542236328,25.07362174987793,6359500
2010-07-28,29.170000076293945,29.209999084472656,28.139999389648438,28.93000030517578,25.030366897583008,8381800
2010-07-27,30.610000610351562,30.6299991607666,27.81999969482422,29.139999389648438,25.21205711364746,19241200
2010-07-26,30.610000610351562,30.899999618530273,29.950000762939453,30.5,26.388742446899414,8848700
2010-07-23,29.670000076293945,30.719999313354492,28.950000762939453,30.530000686645508,26.414688110351562,18031700
2010-07-22,32.45000076293945,32.459999084472656,29.530000686645508,29.6299991607666,25.63600730895996,16978100
2010-07-21,32.349998474121094,32.439998626708984,31.850000381469727,32.0099983215332,27.6951961517334,3194300
2010-07-20,31.75,32.27000045776367,31.610000610351562,32.2599983215332,27.9114990234375,2252300
2010-07-19,32.18000030517578,32.27000045776367,31.799999237060547,31.989999771118164,27.677892684936523,2045400
2010-07-16,32.56999969482422,32.7400016784668,32.099998474121094,32.13999938964844,27.807676315307617,2719400
2010-07-15,32.720001220703125,32.93000030517578,32.5,32.72999954223633,28.318145751953125,3572900
2010-07-14,32.310001373291016,32.86000061035156,32.04999923706055,32.790000915527344,28.370058059692383,2991100
2010-07-13,31.969999313354492,32.540000915527344,31.969999313354492,32.33000183105469,27.972068786621094,2302900
2010-07-12,31.780000686645508,31.81999969482422,31.579999923706055,31.75,27.470243453979492,2904600
2010-07-09,31.989999771118164,32.0099983215332,31.719999313354492,31.84000015258789,27.548107147216797,2059400
2010-07-08,31.969999313354492,32.06999969482422,31.729999542236328,31.920000076293945,27.61733055114746,2920400
2010-07-07,31.3799991607666,31.829999923706055,31.020000457763672,31.780000686645508,27.49620246887207,4547200
2010-07-06,31.40999984741211,31.690000534057617,31.1200008392334,31.34000015258789,27.115510940551758,3323100
2010-07-02,30.950000762939453,31.170000076293945,30.729999542236328,30.920000076293945,26.752132415771484,3452100
2010-07-01,31.6299991607666,31.639999389648438,30.309999465942383,30.93000030517578,26.760774612426758,8348400
2010-06-30,31.75,32.36000061035156,31.459999084472656,31.75,27.470243453979492,7255800
2010-06-29,32.209999084472656,32.209999084472656,31.600000381469727,31.719999313354492,27.44428825378418,8525900
2010-06-28,32.0099983215332,32.66999816894531,31.639999389648438,32.529998779296875,28.145099639892578,5044900
2010-06-25,31.559999465942383,32.0,31.43000030517578,31.8700008392334,27.574071884155273,4407200
2010-06-24,31.829999923706055,31.93000030517578,31.450000762939453,31.59000015258789,27.331806182861328,2939900
2010-06-23,31.81999969482422,32.04999923706055,31.510000228881836,31.8700008392334,27.574071884155273,3311100
2010-06-22,32.5,32.650001525878906,31.899999618530273,31.959999084472656,27.651939392089844,3383300
2010-06-21,32.79999923706055,32.9900016784668,32.290000915527344,32.41999816894531,28.049930572509766,3169400
2010-06-18,32.869998931884766,33.029998779296875,32.5,32.560001373291016,28.171058654785156,2585500
2010-06-17,33.189998626708984,33.27000045776367,32.619998931884766,32.880001068115234,28.447925567626953,4944100
2010-06-16,32.43000030517578,32.970001220703125,32.33000183105469,32.7599983215332,28.344100952148438,4602300
2010-06-15,32.4900016784668,32.5,32.209999084472656,32.459999084472656,28.084535598754883,3005800
2010-06-14,31.969999313354492,32.459999084472656,31.969999313354492,32.209999084472656,27.86823844909668,3515200
2010-06-11,31.450000762939453,31.979999542236328,31.360000610351562,31.920000076293945,27.61733055114746,2844300
2010-06-10,31.450000762939453,31.780000686645508,31.290000915527344,31.690000534057617,27.4183349609375,2948900
2010-06-09,30.780000686645508,31.559999465942383,30.75,30.940000534057617,26.769437789916992,3999500
2010-06-08,30.920000076293945,30.940000534057617,30.309999465942383,30.6200008392334,26.492563247680664,5167200
2010-06-07,30.829999923706055,31.270000457763672,30.5,30.770000457763672,26.62234115600586,5558500
2010-06-04,31.530000686645508,31.709999084472656,30.65999984741211,30.770000457763672,26.62234115600586,5450900
2010-06-03,31.780000686645508,32.4900016784668,31.760000228881836,32.08000183105469,27.75576400756836,5639400
2010-06-02,30.8700008392334,31.760000228881836,30.729999542236328,31.729999542236328,27.452943801879883,3892500
2010-06-01,31.030000686645508,31.440000534057617,30.729999542236328,30.809999465942383,26.65694808959961,4095800
2010-05-28,31.540000915527344,31.700000762939453,30.920000076293945,31.280000686645508,27.063596725463867,4896100
2010-05-27,30.8799991607666,31.59000015258789,30.850000381469727,31.56999969482422,27.31450843811035,4144900
2010-05-26,30.479999542236328,30.979999542236328,30.31999969482422,30.440000534057617,26.33682632446289,4960700
2010-05-25,30.100000381469727,30.299999237060547,29.5,30.270000457763672,26.18974494934082,6030800
2010-05-24,30.799999237060547,31.06999969482422,30.420000076293945,30.700000762939453,26.561782836914062,5126100
2010-05-21,30.06999969482422,30.979999542236328,30.049999237060547,30.829999923706055,26.674259185791016,6502200
2010-05-20,31.030000686645508,31.260000228881836,30.59000015258789,30.68000030517578,26.54447364807129,6419500
2010-05-19,31.139999389648438,31.579999923706055,31.0,31.420000076293945,27.115507125854492,4002900
2010-05-18,31.719999313354492,31.959999084472656,31.079999923706055,31.290000915527344,27.00332260131836,4524100
2010-05-17,31.34000015258789,31.709999084472656,30.940000534057617,31.399999618530273,27.098251342773438,3794200
2010-05-14,31.489999771118164,31.559999465942383,31.049999237060547,31.309999465942383,27.020584106445312,3599400
2010-05-13,31.920000076293945,31.959999084472656,31.579999923706055,31.600000381469727,27.27084732055664,3951400
2010-05-12,31.270000457763672,31.84000015258789,31.010000228881836,31.790000915527344,27.434823989868164,3151800
2010-05-11,30.6299991607666,31.5,30.610000610351562,31.219999313354492,26.942909240722656,4061600
2010-05-10,30.920000076293945,31.31999969482422,30.56999969482422,31.059999465942383,26.804826736450195,3938600
2010-05-07,30.559999465942383,30.610000610351562,29.389999389648438,29.90999984741211,25.8123779296875,6272400
2010-05-06,30.8700008392334,31.43000030517578,28.950000762939453,30.75,26.53729248046875,6056700
2010-05-05,30.530000686645508,31.200000762939453,30.530000686645508,31.030000686645508,26.778947830200195,3670000
2010-05-04,31.049999237060547,31.18000030517578,30.719999313354492,30.969999313354492,26.727157592773438,2849000
2010-05-03,31.030000686645508,31.360000610351562,30.90999984741211,31.280000686645508,26.99469757080078,2472400
2010-04-30,31.420000076293945,31.600000381469727,30.850000381469727,30.850000381469727,26.62360382080078,3380600
2010-04-29,30.969999313354492,31.639999389648438,30.93000030517578,31.360000610351562,27.063730239868164,3960900
2010-04-28,30.90999984741211,31.149999618530273,30.68000030517578,30.790000915527344,26.571815490722656,3087400
2010-04-27,31.0,31.389999389648438,30.770000457763672,30.860000610351562,26.632234573364258,3571100
2010-04-26,31.100000381469727,31.440000534057617,30.829999923706055,31.229999542236328,26.951534271240234,4282000
2010-04-23,31.5,31.56999969482422,30.790000915527344,31.1299991607666,26.865245819091797,4950700
2010-04-22,31.290000915527344,31.790000915527344,30.760000228881836,31.40999984741211,27.106874465942383,8444500
2010-04-21,30.43000030517578,30.59000015258789,29.979999542236328,30.360000610351562,26.200725555419922,5969000
2010-04-20,29.969999313354492,30.489999771118164,29.8799991607666,30.3799991607666,26.217987060546875,4190100
2010-04-19,29.889999389648438,29.989999771118164,29.579999923706055,29.81999969482422,25.734708786010742,4306600
2010-04-16,29.5,29.920000076293945,29.360000610351562,29.8799991607666,25.786489486694336,5991800
2010-04-15,29.190000534057617,29.5,29.09000015258789,29.489999771118164,25.449914932250977,2217200
2010-04-14,29.489999771118164,29.5,29.020000457763672,29.200000762939453,25.19965171813965,2764000
2010-04-13,29.239999771118164,29.5,28.950000762939453,29.459999084472656,25.424026489257812,2778000
2010-04-12,29.489999771118164,29.510000228881836,29.270000457763672,29.34000015258789,25.320463180541992,1839500
2010-04-09,29.260000228881836,29.479999542236328,29.18000030517578,29.469999313354492,25.43265724182129,2018500
2010-04-08,29.579999923706055,29.579999923706055,29.100000381469727,29.18000030517578,25.182390213012695,3767300
2010-04-07,28.93000030517578,29.06999969482422,28.770000457763672,29.040000915527344,25.061565399169922,3151200
2010-04-06,28.920000076293945,29.139999389648438,28.799999237060547,29.030000686645508,25.05294418334961,1739100
2010-04-05,28.6299991607666,29.020000457763672,28.530000686645508,28.920000076293945,24.9580078125,2339700
2010-04-01,28.989999771118164,29.1299991607666,28.420000076293945,28.59000015258789,24.673219680786133,3680900
2010-03-31,29.270000457763672,29.270000457763672,28.75,28.920000076293945,24.9580078125,2407300
2010-03-30,28.93000030517578,29.329999923706055,28.860000610351562,29.280000686645508,25.2686824798584,2740800
2010-03-29,28.760000228881836,28.93000030517578,28.6200008392334,28.84000015258789,24.88897132873535,2064800
2010-03-26,28.6299991607666,28.719999313354492,28.299999237060547,28.59000015258789,24.673219680786133,2554700
2010-03-25,28.889999389648438,28.899999618530273,28.549999237060547,28.600000381469727,24.681840896606445,2623700
2010-03-24,29.270000457763672,29.299999237060547,28.65999984741211,28.719999313354492,24.785409927368164,2158600
2010-03-23,29.43000030517578,29.43000030517578,28.899999618530273,29.209999084472656,25.208280563354492,2345700
2010-03-22,28.6200008392334,29.309999465942383,28.5,29.290000915527344,25.277315139770508,4848800
2010-03-19,28.68000030517578,29.110000610351562,28.270000457763672,28.68000030517578,24.750885009765625,5468600
2010-03-18,28.3700008392334,28.6200008392334,28.190000534057617,28.56999969482422,24.655956268310547,2756600
2010-03-17,28.56999969482422,28.579999923706055,28.18000030517578,28.200000762939453,24.336639404296875,3088500
2010-03-16,28.420000076293945,28.450000762939453,27.93000030517578,28.360000610351562,24.4747257232666,4210300
2010-03-15,27.899999618530273,27.899999618530273,27.610000610351562,27.75,23.94829559326172,2755000
2010-03-12,28.170000076293945,28.25,27.799999237060547,27.93000030517578,24.10363006591797,2337200
2010-03-11,27.950000762939453,28.1200008392334,27.799999237060547,28.079999923706055,24.233083724975586,1678400
2010-03-10,27.950000762939453,28.190000534057617,27.8799991607666,28.049999237060547,24.207195281982422,2364600
2010-03-09,28.020000457763672,28.15999984741211,27.899999618530273,27.989999771118164,24.155410766601562,2907900
2010-03-08,28.40999984741211,28.450000762939453,28.049999237060547,28.06999969482422,24.224458694458008,2470000
2010-03-05,28.020000457763672,28.40999984741211,27.979999542236328,28.40999984741211,24.51788330078125,2715900
2010-03-04,28.15999984741211,28.15999984741211,27.90999984741211,27.989999771118164,24.155410766601562,2659400
2010-03-03,28.5,28.5,27.969999313354492,28.0,24.164047241210938,3090300
2010-03-02,28.200000762939453,28.5,28.079999923706055,28.459999084472656,24.56102752685547,2366300
2010-03-01,27.969999313354492,28.25,27.75,28.06999969482422,24.224458694458008,3116800
2010-02-26,28.079999923706055,28.190000534057617,27.889999389648438,28.040000915527344,24.198564529418945,4036700
2010-02-25,27.700000762939453,28.079999923706055,27.579999923706055,28.079999923706055,24.233083724975586,3168400
2010-02-24,27.770000457763672,28.040000915527344,27.760000228881836,27.889999389648438,24.069114685058594,2652500
2010-02-23,27.81999969482422,27.969999313354492,27.56999969482422,27.75,23.94829559326172,5407100
2010-02-22,28.239999771118164,28.239999771118164,27.760000228881836,27.889999389648438,24.069114685058594,3256200
2010-02-19,27.8700008392334,28.190000534057617,27.600000381469727,28.139999389648438,24.28486442565918,3862400
2010-02-18,27.579999923706055,27.899999618530273,27.5,27.860000610351562,24.043228149414062,2931200
2010-02-17,27.729999542236328,27.780000686645508,27.059999465942383,27.59000015258789,23.810216903686523,5869000
2010-02-16,27.65999984741211,27.65999984741211,27.309999465942383,27.56999969482422,23.792959213256836,3328800
2010-02-12,27.389999389648438,27.389999389648438,27.020000457763672,27.350000381469727,23.60309600830078,2583700
2010-02-11,27.18000030517578,27.56999969482422,26.950000762939453,27.520000457763672,23.74980926513672,4093800
2010-02-10,27.309999465942383,27.31999969482422,26.68000030517578,27.190000534057617,23.465015411376953,5655300
2010-02-09,27.18000030517578,27.399999618530273,27.0,27.15999984741211,23.370088577270508,2167600
2010-02-08,27.030000686645508,27.190000534057617,26.81999969482422,26.950000762939453,23.18938636779785,2811300
2010-02-05,27.3700008392334,27.399999618530273,26.649999618530273,27.010000228881836,23.241012573242188,5637600
2010-02-04,28.260000228881836,28.260000228881836,27.420000076293945,27.420000076293945,23.59380531311035,4607500
2010-02-03,28.510000228881836,28.59000015258789,28.030000686645508,28.31999969482422,24.368213653564453,3801100
2010-02-02,27.799999237060547,28.610000610351562,27.65999984741211,28.549999237060547,24.566116333007812,6012600
2010-02-01,27.459999084472656,27.780000686645508,27.079999923706055,27.75,23.877758026123047,3682900
2010-01-29,27.40999984741211,27.610000610351562,27.229999542236328,27.260000228881836,23.456134796142578,4136700
2010-01-28,27.239999771118164,27.760000228881836,27.239999771118164,27.280000686645508,23.473342895507812,3374300
2010-01-27,27.3700008392334,27.639999389648438,27.040000915527344,27.260000228881836,23.456134796142578,4885100
2010-01-26,27.860000610351562,28.0,27.34000015258789,27.440000534057617,23.611011505126953,5530700
2010-01-25,26.790000915527344,27.34000015258789,26.68000030517578,27.110000610351562,23.327058792114258,5285000
2010-01-22,26.469999313354492,26.799999237060547,26.020000457763672,26.65999984741211,22.939855575561523,4321500
2010-01-21,27.110000610351562,27.18000030517578,26.25,26.579999923706055,22.871015548706055,3961000
2010-01-20,27.350000381469727,27.350000381469727,26.760000228881836,27.139999389648438,23.352876663208008,2683700
2010-01-19,26.959999084472656,27.610000610351562,26.920000076293945,27.3700008392334,23.5507755279541,2826200
